1,	3.222
2,	0
3,	0
4,	0
5,	0
6,	0
7,	0
8,	0
9,	0
10,	0
11,	0
12,	0
13,	0
14,	0
15,	0
16,	0
17,	0
18,	0
19,	0
20,	0
21,	0
22,	0
23,	0
24,	0
25,	0
26,	0
27,	0.523
28,	2.359
29,	4.609
30,	10.011
31,	12.636
32,	12.785
33,	11.546
34,	11.058
35,	10.761
36,	9.671
37,	8.246
38,	6.933
39,	6.746
40,	6.335
41,	4.273
42,	1.835
43,	1.386
44,	1.386
45,	1.16
46,	3.746
47,	0
48,	0
49,	0
50,	0
51,	0.109
52,	2.511
53,	3.933
54,	9.035
55,	14.699
56,	18.523
57,	22.046
58,	25.535
59,	29.246
60,	32.996
61,	36.933
62,	40.16
63,	40.984
64,	40.796
65,	39.07
66,	36.859
67,	35.285
68,	34.871
69,	34.46
70,	34.757
71,	33.109
72,	29.32
73,	25.347
74,	22.796
75,	21.933
76,	21.597
77,	19.683
78,	16.796
79,	14.96
80,	13.535
81,	12.824
82,	13.421
83,	14.773
84,	15.371
85,	15.074
86,	12.636
87,	11.734
88,	11.398
89,	11.398
90,	8.324
91,	6.222
92,	3.671
93,	3.335
94,	3.636
95,	3.972
96,	2.246
97,	0
98,	0.183
99,	1.683
100,	3.109
101,	5.21
102,	8.734
103,	11.699
104,	14.136
105,	16.761
106,	18.371
107,	19.535
108,	23.132
109,	27.746
110,	30.41
111,	30.746
112,	30.82
113,	29.882
114,	29.996
115,	29.246
116,	26.433
117,	22.57
118,	19.609
119,	17.398
120,	16.273
121,	15.183
122,	12.109
123,	9.746
124,	8.996
125,	9.183
126,	9.71
127,	12.636
128,	16.421
129,	20.847
130,	27.035
131,	31.273
132,	31.609
133,	33.484
134,	34.007
135,	34.382
136,	34.757
137,	35.023
138,	36.109
139,	38.097
140,	38.285
141,	38.023
142,	37.648
143,	36.671
144,	34.496
145,	32.695
146,	30.296
147,	27.445
148,	23.96
149,	20.023
150,	17.21
151,	17.699
152,	21.859
153,	25.683
154,	29.66
155,	31.57
156,	32.507
157,	34.871
158,	36.222
159,	35.773
160,	35.585
161,	35.621
162,	34.984
163,	35.097
164,	34.609
165,	33.148
166,	31.308
167,	29.695
168,	28.121
169,	27.523
170,	27.335
171,	26.621
172,	24.222
173,	20.585
174,	18.296
175,	16.574
176,	15.71
177,	16.199
178,	17.171
179,	17.96
180,	18.824
181,	19.683
182,	20.433
183,	19.722
184,	18.824
185,	18.558
186,	18.746
187,	19.347
188,	16.609
189,	13.722
190,	12.71
191,	12.109
192,	9.109
193,	6.71
194,	4.761
195,	3.222
196,	0.335
197,	0
198,	0
199,	0
200,	0
201,	0
202,	0
203,	0
204,	0
205,	0
206,	0
207,	0
208,	0
209,	0
210,	0
211,	0
212,	0
213,	0
214,	0
215,	0
216,	0
217,	0
218,	0
219,	0
220,	0
221,	0
222,	0
223,	0
224,	0
225,	0
226,	0
227,	0
228,	0
229,	0
230,	0
231,	0
232,	0
233,	0
234,	0
235,	0.222
236,	3.41
237,	8.398
238,	15.074
239,	21.257
240,	26.285
241,	29.507
242,	32.996
243,	36.222
244,	38.21
245,	38.546
246,	39.257
247,	39.144
248,	38.546
249,	36.859
250,	36.746
251,	34.945
252,	33.523
253,	32.882
254,	31.722
255,	30.898
256,	29.773
257,	27.671
258,	25.609
259,	22.46
260,	20.882
261,	20.285
262,	17.773
263,	19.382
264,	20.66
265,	21.07
266,	21.257
267,	21.07
268,	16.871
269,	11.96
270,	8.511
271,	5.808
272,	4.273
273,	1.347
274,	1.085
275,	2.097
276,	2.324
277,	3.824
278,	6.824
279,	7.16
280,	7.535
281,	7.421
282,	8.585
283,	11.359
284,	15.484
285,	19.871
286,	24.632
287,	29.882
288,	32.058
289,	32.097
290,	30.71
291,	29.398
292,	28.871
293,	25.871
294,	21.523
295,	18.074
296,	15.449
297,	12.746
298,	10.199
299,	9.597
300,	8.847
301,	8.585
302,	8.734
303,	8.808
304,	10.984
305,	16.046
306,	17.808
307,	19.199
308,	19.796
309,	22.835
310,	23.21
311,	25.648
312,	25.91
313,	26.32
314,	26.359
315,	26.507
316,	26.472
317,	26.359
318,	26.359
319,	27.597
320,	28.195
321,	28.121
322,	27.71
323,	25.347
324,	23.585
325,	21.558
326,	21.257
327,	22.757
328,	23.398
329,	24.07
330,	24.484
331,	25.421
332,	26.734
333,	25.609
334,	22.535
335,	19.796
336,	17.66
337,	16.121
338,	15.183
339,	12.449
340,	10.648
341,	10.535
342,	8.847
343,	7.308
344,	5.136
345,	0.523
346,	0
347,	0
348,	0
349,	0
350,	0
351,	0
352,	0
353,	0
354,	0
355,	0
356,	0
357,	0
358,	0
359,	0
360,	0
361,	0
362,	0.746
363,	2.546
364,	3.933
365,	7.234
366,	11.246
367,	14.21
368,	16.91
369,	19.945
370,	22.57
371,	25.382
372,	28.945
373,	30.597
374,	31.16
375,	31.984
376,	32.66
377,	33.41
378,	34.347
379,	36.109
380,	37.308
381,	38.507
382,	39.746
383,	40.722
384,	41.246
385,	42.144
386,	42.632
387,	42.484
388,	42.109
389,	41.019
390,	39.183
391,	37.121
392,	35.66
393,	35.472
394,	35.921
395,	35.847
396,	34.984
397,	31.648
398,	27.898
399,	24.07
400,	22.046
401,	21.484
402,	21.632
403,	20.433
404,	15.597
405,	13.871
406,	13.347
407,	10.496
408,	8.66
409,	7.835
410,	8.511
411,	11.546
412,	13.535
413,	17.585
414,	22.121
415,	26.433
416,	30.82
417,	33.296
418,	36.183
419,	38.957
420,	40.046
421,	40.832
422,	41.695
423,	42.519
424,	42.296
425,	41.66
426,	41.171
427,	39.785
428,	37.984
429,	36.109
430,	33.972
431,	31.984
432,	30.671
433,	30.183
434,	30.035
435,	29.734
436,	29.21
437,	26.433
438,	23.546
439,	21.71
440,	20.921
441,	20.546
442,	20.21
443,	16.46
444,	12.671
445,	11.433
446,	11.136
447,	11.21
448,	9.296
449,	6.636
450,	2.171
451,	0
452,	0
453,	0
454,	0
455,	0
456,	0
457,	0
458,	0
459,	0
460,	0
461,	0
462,	0
463,	0
464,	0
465,	0
466,	0
467,	0
468,	0
469,	0
470,	0
471,	0
472,	0
473,	0
474,	0
475,	0
476,	0
477,	0
478,	0
479,	0
480,	0
481,	0
482,	0
483,	0.035
484,	1.984
485,	2.433
486,	3.671
487,	9.746
488,	13.761
489,	15.636
490,	17.511
491,	19.273
492,	20.285
493,	18.296
494,	16.648
495,	14.847
496,	13.199
497,	12.746
498,	13.722
499,	14.511
500,	15.484
501,	15.148
502,	15.109
503,	14.136
504,	12.371
505,	10.234
506,	8.472
507,	7.871
508,	8.136
509,	8.699
510,	9.109
511,	7.984
512,	6.371
513,	4.871
514,	3.859
515,	2.359
516,	2.058
517,	0
518,	0
519,	0
520,	0
521,	0
522,	0
523,	0
524,	0
525,	0
526,	0
527,	0
528,	0
529,	0
530,	0
531,	0
532,	0
533,	0
534,	0
535,	0
536,	0
537,	0
538,	0
539,	0
540,	0
541,	0
542,	0
543,	0
544,	0
545,	0
546,	0
547,	0
548,	0
549,	0
550,	0
551,	0
552,	0
553,	0
554,	0
555,	0
556,	0
557,	0
558,	0
559,	0
560,	0
561,	0
562,	0
563,	0
564,	0
565,	0
566,	0
567,	0
568,	0
569,	0
570,	0
571,	0
572,	0
573,	0
574,	0
575,	0
576,	0
577,	0
578,	0
579,	0
580,	0
581,	0
582,	0.484
583,	1.796
584,	3.671
585,	5.546
586,	8.96
587,	11.285
588,	14.097
589,	17.21
590,	18.558
591,	19.871
592,	21.148
593,	22.46
594,	24.148
595,	26.433
596,	29.66
597,	33.785
598,	37.347
599,	40.535
600,	43.945
601,	46.832
602,	48.183
603,	48.894
604,	49.57
605,	50.132
606,	50.847
607,	51.519
608,	51.933
609,	51.894
610,	51.445
611,	50.847
612,	50.058
613,	49.234
614,	48.296
615,	47.394
616,	46.683
617,	46.195
618,	45.785
619,	45.445
620,	45.445
621,	46.269
622,	47.058
623,	49.382
624,	49.945
625,	49.757
626,	49.457
627,	50.058
628,	50.433
629,	51.632
630,	53.019
631,	53.847
632,	54.144
633,	53.582
634,	53.207
635,	52.457
636,	51.746
637,	51.07
638,	50.32
639,	49.757
640,	48.972
641,	48.371
642,	47.882
643,	47.433
644,	46.91
645,	46.382
646,	45.785
647,	44.996
648,	44.207
649,	43.91
650,	43.871
651,	42.332
652,	40.269
653,	38.507
654,	35.921
655,	33.558
656,	31.121
657,	28.984
658,	27.785
659,	27.671
660,	25.496
661,	22.195
662,	18.785
663,	16.386
664,	14.808
665,	14.621
666,	15.558
667,	16.421
668,	17.097
669,	17.359
670,	15.824
671,	15.261
672,	15.222
673,	15.109
674,	15.261
675,	16.421
676,	17.773
677,	18.746
678,	19.945
679,	20.621
680,	20.472
681,	21.035
682,	21.671
683,	21.523
684,	21.41
685,	20.921
686,	21.109
687,	22.046
688,	22.871
689,	24.148
690,	24.671
691,	25.46
692,	25.382
693,	24.371
694,	22.535
695,	20.808
696,	18.449
697,	17.996
698,	18.335
699,	19.199
700,	19.46
701,	18.371
702,	18.335
703,	20.921
704,	21.035
705,	20.359
706,	18.71
707,	17.511
708,	15.074
709,	11.472
710,	9.074
711,	9.597
712,	8.246
713,	6.523
714,	4.121
715,	2.808
716,	3.296
717,	3.597
718,	1.046
719,	0
720,	0
721,	0.335
722,	1.46
723,	2.96
724,	5.058
725,	6.898
726,	7.648
727,	7.91
728,	8.921
729,	10.199
730,	11.773
731,	13.496
732,	15.335
733,	17.324
734,	19.382
735,	21.335
736,	23.023
737,	24.898
738,	26.847
739,	28.945
740,	30.41
741,	32.058
742,	34.007
743,	36.71
744,	39.07
745,	40.007
746,	40.945
747,	41.621
748,	42.296
749,	43.007
750,	43.984
751,	44.808
752,	45.519
753,	46.382
754,	46.757
755,	47.546
756,	48.183
757,	48.972
758,	49.644
759,	49.984
760,	50.171
761,	50.285
762,	50.019
763,	49.457
764,	49.535
765,	49.832
766,	50.621
767,	50.621
768,	50.546
769,	50.132
770,	49.757
771,	49.535
772,	48.82
773,	48.109
774,	47.472
775,	45.972
776,	44.546
777,	43.121
778,	42.183
779,	40.347
780,	38.769
781,	38.472
782,	38.097
783,	36.671
784,	34.121
785,	31.796
786,	29.359
787,	26.96
788,	24.296
789,	22.16
790,	21.371
791,	21.371
792,	19.57
793,	18.41
794,	17.398
795,	15.148
796,	12.898
797,	13.835
798,	13.121
799,	9.148
800,	6.71
801,	5.546
802,	4.199
803,	1.648
804,	0
805,	0
806,	0
807,	0
808,	0
809,	0
810,	0
811,	0
812,	0
813,	0
814,	0
815,	0
816,	0
817,	0
818,	0
819,	0
820,	0
821,	0
822,	0
823,	0
824,	0
825,	0
826,	0
827,	0
828,	0
829,	0
830,	0
831,	0
832,	0
833,	0
834,	0
835,	0
836,	0
837,	0
838,	0
839,	0
840,	0
841,	0
842,	0
843,	0
844,	0
845,	0.746
846,	2.734
847,	6.636
848,	6.597
849,	5.285
850,	1.648
851,	0
852,	0
853,	0
854,	0
855,	0
856,	0
857,	0
858,	0
859,	0
860,	0
861,	0
862,	0
863,	0
864,	0
865,	0
866,	0
867,	0
868,	0
869,	0
870,	0
871,	0
872,	0
873,	0
874,	0
875,	0
876,	0
877,	0
878,	0
879,	0
880,	0
881,	0
882,	0
883,	0
884,	0
885,	0
886,	0
887,	0
888,	0
889,	0
890,	0
891,	0
892,	0.746
893,	2.734
894,	6.636
895,	6.597
896,	5.285
897,	3.523
898,	0
899,	0
900,	0
901,	0
902,	0
903,	0
904,	0
905,	0
906,	0
907,	0
908,	0
909,	0
910,	1.085
911,	3.261
912,	6.933
913,	8.285
914,	9.109
915,	9.785
916,	9.859
917,	9.859
918,	9.859
919,	9.933
920,	9.785
921,	9.859
922,	10.085
923,	10.085
924,	10.273
925,	10.386
926,	10.421
927,	10.234
928,	9.636
929,	8.621
930,	7.574
931,	6.824
932,	5.058
933,	2.773
934,	0
935,	0
936,	0
937,	0
938,	0
939,	0
940,	0
941,	0
942,	0
943,	0
944,	0
945,	0
946,	0
947,	0
948,	0
949,	0
950,	0
951,	0
952,	0
953,	0
954,	0
955,	0
956,	0
957,	0
958,	0
959,	0
960,	0
961,	0
962,	0
963,	0
964,	0
965,	0
966,	0
967,	0
968,	0
969,	0
970,	0
971,	0
972,	0
973,	0
974,	0
975,	0
976,	0
977,	0
978,	0
979,	0
980,	0
981,	0
982,	0
983,	0
984,	0
985,	0
986,	0
987,	0
988,	0
989,	0
990,	0
991,	0
992,	0
993,	0
994,	0
995,	0
996,	0
997,	0
998,	0
999,	0
1000,	0
1001,	0
1002,	0
1003,	0
1004,	0
1005,	0
1006,	0.222
1007,	1.085
1008,	1.761
1009,	3.824
1010,	5.996
1011,	5.847
1012,	3.898
1013,	3.671
1014,	4.16
1015,	5.097
1016,	5.699
1017,	5.734
1018,	3.335
1019,	2.097
1020,	1.234
1021,	0.898
1022,	1.16
1023,	1.761
1024,	2.359
1025,	3.671
1026,	6.296
1027,	7.91
1028,	8.621
1029,	8.359
1030,	6.296
1031,	5.96
1032,	7.085
1033,	7.085
1034,	6.335
1035,	4.199
1036,	4.347
1037,	4.984
1038,	5.66
1039,	5.058
1040,	2.171
1041,	0
1042,	0
1043,	0
1044,	0
1045,	0
1046,	0
1047,	0
1048,	0
1049,	0
1050,	0
1051,	0
1052,	0
1053,	0
1054,	0
1055,	0
1056,	0
1057,	0
1058,	0
1059,	0
1060,	0
1061,	0
1062,	0
1063,	0
1064,	0
1065,	0
1066,	0
1067,	0
1068,	0
1069,	0
1070,	0
1071,	0
1072,	0
1073,	0
1074,	0
1075,	0
1076,	0
1077,	0
1078,	0
1079,	0
1080,	0
1081,	0
1082,	0
1083,	0
1084,	0
1085,	0
1086,	0
1087,	0
1088,	0
1089,	0
1090,	0.035
1091,	1.046
1092,	1.835
1093,	2.886
1094,	5.023
1095,	8.246
1096,	9.222
1097,	10.199
1098,	11.359
1099,	13.121
1100,	15.035
1101,	16.984
1102,	19.046
1103,	20.882
1104,	23.246
1105,	25.835
1106,	28.496
1107,	30.898
1108,	32.847
1109,	34.835
1110,	37.308
1111,	40.535
1112,	43.308
1113,	44.921
1114,	45.972
1115,	46.421
1116,	46.91
1117,	47.546
1118,	48.183
1119,	48.257
1120,	48.035
1121,	47.847
1122,	47.394
1123,	47.019
1124,	46.195
1125,	45.707
1126,	45.035
1127,	44.582
1128,	44.207
1129,	43.195
1130,	42.671
1131,	42.519
1132,	43.082
1133,	44.246
1134,	44.882
1135,	45.41
1136,	45.445
1137,	45.746
1138,	45.445
1139,	45.144
1140,	44.734
1141,	44.582
1142,	44.621
1143,	43.609
1144,	42.222
1145,	40.382
1146,	39.597
1147,	39.558
1148,	39.632
1149,	37.382
1150,	34.57
1151,	31.945
1152,	30.109
1153,	28.722
1154,	28.121
1155,	27.597
1156,	26.773
1157,	25.535
1158,	25.085
1159,	25.085
1160,	25.234
1161,	25.195
1162,	25.421
1163,	25.308
1164,	25.421
1165,	25.121
1166,	25.16
1167,	24.71
1168,	24.257
1169,	23.507
1170,	20.023
1171,	16.722
1172,	15.558
1173,	15.035
1174,	14.546
1175,	11.996
1176,	10.871
1177,	11.21
1178,	9.597
1179,	6.597
1180,	4.683
1181,	0.859
1182,	0
1183,	0
1184,	0
1185,	0
1186,	0
1187,	0
1188,	0
1189,	0
1190,	0
1191,	0
1192,	0
1193,	0
1194,	0
1195,	0
1196,	0.035
1197,	0.824
1198,	1.761
1199,	3.296
1200,	5.996
1201,	9.933
1202,	12.449
1203,	13.949
1204,	15.484
1205,	17.324
1206,	23.773
1207,	29.734
1208,	33.597
1209,	37.234
1210,	40.722
1211,	41.66
1212,	42.445
1213,	43.121
1214,	43.91
1215,	44.695
1216,	45.41
1217,	46.195
1218,	46.683
1219,	45.785
1220,	44.957
1221,	44.394
1222,	44.546
1223,	42.82
1224,	40.871
1225,	38.921
1226,	38.023
1227,	36.484
1228,	34.757
1229,	33.746
1230,	34.007
1231,	35.023
1232,	35.808
1233,	36.257
1234,	36.632
1235,	37.46
1236,	38.398
1237,	39.222
1238,	40.16
1239,	40.945
1240,	40.535
1241,	39.257
1242,	38.359
1243,	38.058
1244,	38.359
1245,	37.609
1246,	37.648
1247,	37.121
1248,	35.472
1249,	34.796
1250,	34.085
1251,	33.933
1252,	32.996
1253,	31.195
1254,	30.371
1255,	28.234
1256,	25.234
1257,	23.621
1258,	23.66
1259,	20.996
1260,	16.273
1261,	12.933
1262,	12.558
1263,	12.296
1264,	9.933
1265,	8.433
1266,	7.011
1267,	5.808
1268,	1.234
1269,	0
1270,	0
1271,	0
1272,	0
1273,	0
1274,	0
1275,	0
1276,	0
1277,	0
1278,	0
1279,	0
1280,	0
1281,	0
1282,	0
1283,	0
1284,	0
1285,	0
1286,	0
1287,	0
1288,	0
1289,	0
1290,	0
1291,	0
1292,	0
1293,	0
1294,	0
1295,	0
1296,	0
1297,	0
1298,	0
1299,	0
1300,	0
1301,	0
1302,	0
1303,	0
1304,	0
1305,	0
1306,	0
1307,	1.085
1308,	2.21
1309,	4.91
1310,	9.222
1311,	8.886
1312,	8.546
1313,	9.335
1314,	9.671
1315,	8.66
1316,	7.121
1317,	6.371
1318,	5.511
1319,	1.683
1320,	0
1321,	0
1322,	0
1323,	0
1324,	0
1325,	0
1326,	0
1327,	0
1328,	0
1329,	0
1330,	0
1331,	0
1332,	0
1333,	0.109
1334,	0.898
1335,	1.234
1336,	1.347
1337,	1.46
1338,	1.574
1339,	1.761
1340,	1.949
1341,	3.148
1342,	7.046
1343,	8.171
1344,	8.699
1345,	9.523
1346,	10.011
1347,	10.121
1348,	10.386
1349,	10.46
1350,	10.609
1351,	10.91
1352,	10.91
1353,	10.683
1354,	10.648
1355,	9.558
1356,	8.472
1357,	7.91
1358,	6.859
1359,	6.109
1360,	5.734
1361,	6.523
1362,	7.496
1363,	8.21
1364,	8.734
1365,	10.046
1366,	12.261
1367,	14.886
1368,	17.359
1369,	19.085
1370,	21.035
1371,	23.398
1372,	26.921
1373,	28.683
1374,	29.023
1375,	29.433
1376,	29.808
1377,	30.035
1378,	30.296
1379,	30.632
1380,	30.898
1381,	31.46
1382,	31.984
1383,	32.66
1384,	33.523
1385,	33.972
1386,	33.785
1387,	33.671
1388,	33.558
1389,	33.671
1390,	33.597
1391,	33.597
1392,	33.597
1393,	33.597
1394,	33.371
1395,	32.882
1396,	32.32
1397,	31.984
1398,	31.496
1399,	31.007
1400,	29.996
1401,	28.496
1402,	27.257
1403,	25.757
1404,	23.773
1405,	21.632
1406,	20.96
1407,	20.996
1408,	22.121
1409,	23.285
1410,	23.433
1411,	21.445
1412,	21.296
1413,	21.109
1414,	21.148
1415,	21.41
1416,	22.121
1417,	22.273
1418,	22.347
1419,	21.972
1420,	21.671
1421,	20.882
1422,	19.648
1423,	17.585
1424,	13.199
1425,	10.011
1426,	7.683
1427,	6.335
1428,	4.386
1429,	3.335
1430,	4.609
1431,	5.921
1432,	8.246
1433,	9.671
1434,	11.324
1435,	14.511
1436,	18.972
1437,	21.597
1438,	25.648
1439,	31.085
1440,	36.71
1441,	40.046
1442,	40.984
1443,	41.32
1444,	41.621
1445,	41.621
1446,	42.035
1447,	42.109
1448,	42.597
1449,	42.859
1450,	42.972
1451,	43.082
1452,	43.007
1453,	43.082
1454,	43.007
1455,	43.046
1456,	43.16
1457,	43.421
1458,	43.609
1459,	43.945
1460,	43.757
1461,	43.382
1462,	43.16
1463,	43.16
1464,	43.195
1465,	42.859
1466,	42.933
1467,	42.933
1468,	43.082
1469,	43.457
1470,	43.535
1471,	43.984
1472,	44.207
1473,	44.097
1474,	43.984
1475,	43.496
1476,	43.082
1477,	42.746
1478,	42.632
1479,	42.632
1480,	42.41
1481,	42.371
1482,	42.82
1483,	42.671
1484,	42.671
1485,	42.445
1486,	41.769
1487,	40.871
1488,	40.16
1489,	39.07
1490,	38.285
1491,	37.757
1492,	37.273
1493,	36.109
1494,	35.433
1495,	34.46
1496,	33.222
1497,	31.46
1498,	29.585
1499,	27.933
1500,	27.222
1501,	25.984
1502,	25.16
1503,	25.382
1504,	28.273
1505,	29.882
1506,	31.16
1507,	32.507
1508,	33.371
1509,	34.347
1510,	34.308
1511,	34.308
1512,	34.382
1513,	34.046
1514,	33.898
1515,	33.632
1516,	33.296
1517,	33.035
1518,	32.996
1519,	32.808
1520,	32.773
1521,	33.183
1522,	33.484
1523,	33.109
1524,	32.546
1525,	31.535
1526,	30.07
1527,	28.496
1528,	26.621
1529,	25.234
1530,	23.96
1531,	22.722
1532,	21.671
1533,	20.808
1534,	20.32
1535,	19.945
1536,	19.16
1537,	18.371
1538,	17.66
1539,	16.871
1540,	16.234
1541,	15.785
1542,	15.523
1543,	15.824
1544,	19.382
1545,	23.882
1546,	27.859
1547,	29.398
1548,	29.847
1549,	29.773
1550,	29.585
1551,	29.285
1552,	29.058
1553,	28.683
1554,	28.57
1555,	27.785
1556,	28.273
1557,	29.023
1558,	29.773
1559,	29.882
1560,	29.921
1561,	29.847
1562,	29.808
1563,	29.66
1564,	29.32
1565,	28.796
1566,	28.648
1567,	28.57
1568,	28.535
1569,	28.273
1570,	27.785
1571,	27.371
1572,	26.621
1573,	25.648
1574,	24.035
1575,	22.91
1576,	22.984
1577,	23.472
1578,	24.222
1579,	25.007
1580,	25.945
1581,	26.96
1582,	27.296
1583,	27.523
1584,	27.558
1585,	27.597
1586,	27.523
1587,	27.183
1588,	26.882
1589,	26.66
1590,	27.109
1591,	27.523
1592,	28.382
1593,	29.132
1594,	29.847
1595,	30.335
1596,	30.445
1597,	30.109
1598,	29.882
1599,	29.472
1600,	28.945
1601,	28.308
1602,	28.085
1603,	28.195
1604,	28.273
1605,	28.308
1606,	28.683
1607,	28.648
1608,	28.535
1609,	28.195
1610,	27.71
1611,	27.148
1612,	26.546
1613,	26.621
1614,	27.41
1615,	28.121
1616,	28.91
1617,	29.546
1618,	30.296
1619,	28.984
1620,	25.535
1621,	23.585
1622,	21.746
1623,	20.773
1624,	20.621
1625,	20.171
1626,	18.824
1627,	17.058
1628,	15.785
1629,	15.035
1630,	15.597
1631,	16.835
1632,	18.898
1633,	21.523
1634,	22.648
1635,	23.882
1636,	24.148
1637,	24.335
1638,	24.109
1639,	24.07
1640,	24.296
1641,	24.335
1642,	24.07
1643,	23.847
1644,	24.035
1645,	23.996
1646,	24.41
1647,	24.859
1648,	24.558
1649,	23.507
1650,	22.421
1651,	21.671
1652,	22.46
1653,	24.82
1654,	29.21
1655,	30.41
1656,	31.046
1657,	31.273
1658,	31.796
1659,	32.398
1660,	32.621
1661,	32.472
1662,	32.171
1663,	31.871
1664,	31.496
1665,	31.121
1666,	30.82
1667,	31.085
1668,	31.347
1669,	31.722
1670,	31.046
1671,	29.32
1672,	28.121
1673,	26.996
1674,	26.96
1675,	27.484
1676,	27.972
1677,	27.558
1678,	26.32
1679,	25.57
1680,	24.222
1681,	22.722
1682,	20.996
1683,	20.695
1684,	21.445
1685,	22.308
1686,	22.722
1687,	23.66
1688,	24.445
1689,	24.257
1690,	24.148
1691,	23.585
1692,	23.132
1693,	23.246
1694,	23.695
1695,	24.785
1696,	26.621
1697,	28.308
1698,	29.472
1699,	30.371
1700,	31.609
1701,	32.808
1702,	34.121
1703,	35.058
1704,	35.398
1705,	35.132
1706,	35.097
1707,	35.058
1708,	34.757
1709,	34.007
1710,	33.41
1711,	33.257
1712,	33.222
1713,	32.695
1714,	32.21
1715,	31.796
1716,	31.347
1717,	31.195
1718,	31.91
1719,	32.359
1720,	32.96
1721,	32.585
1722,	31.46
1723,	29.507
1724,	26.507
1725,	24.148
1726,	21.523
1727,	18.449
1728,	16.16
1729,	14.058
1730,	13.16
1731,	13.199
1732,	13.683
1733,	15.183
1734,	18.597
1735,	22.273
1736,	26.546
1737,	31.16
1738,	34.945
1739,	38.621
1740,	42.785
1741,	43.945
1742,	44.66
1743,	45.484
1744,	46.046
1745,	46.871
1746,	47.507
1747,	48.183
1748,	48.933
1749,	49.57
1750,	50.207
1751,	50.847
1752,	51.07
1753,	50.769
1754,	50.32
1755,	50.058
1756,	49.57
1757,	48.933
1758,	48.972
1759,	48.632
1760,	48.183
1761,	47.66
1762,	47.132
1763,	46.796
1764,	46.234
1765,	45.41
1766,	44.847
1767,	44.097
1768,	43.722
1769,	44.32
1770,	44.695
1771,	44.808
1772,	41.921
1773,	39.371
1774,	36.82
1775,	34.945
1776,	33.933
1777,	33.335
1778,	33.746
1779,	34.535
1780,	35.546
1781,	36.484
1782,	37.46
1783,	38.398
1784,	39.222
1785,	40.269
1786,	41.246
1787,	42.144
1788,	43.046
1789,	43.683
1790,	43.644
1791,	44.058
1792,	44.246
1793,	44.546
1794,	45.035
1795,	44.921
1796,	44.921
1797,	44.808
1798,	44.847
1799,	44.734
1800,	44.621
1801,	44.546
1802,	44.621
1803,	44.433
1804,	44.246
1805,	43.609
1806,	42.371
1807,	41.695
1808,	41.285
1809,	40.984
1810,	40.722
1811,	40.57
1812,	40.007
1813,	39.183
1814,	38.097
1815,	37.273
1816,	36.296
1817,	35.882
1818,	35.097
1819,	32.847
1820,	29.171
1821,	27.183
1822,	24.785
1823,	22.46
1824,	19.835
1825,	17.246
1826,	15.074
1827,	14.023
1828,	14.058
1829,	14.398
1830,	17.398
1831,	22.796
1832,	27.746
1833,	28.683
1834,	29.32
1835,	29.773
1836,	30.07
1837,	29.96
1838,	29.96
1839,	29.96
1840,	30.222
1841,	30.597
1842,	31.046
1843,	31.382
1844,	31.683
1845,	31.683
1846,	31.683
1847,	31.91
1848,	31.683
1849,	30.41
1850,	29.773
1851,	28.535
1852,	26.847
1853,	24.82
1854,	23.585
1855,	23.21
1856,	23.023
1857,	23.21
1858,	23.132
1859,	23.023
1860,	22.945
1861,	22.496
1862,	20.996
1863,	18.746
1864,	16.085
1865,	14.472
1866,	14.023
1867,	14.699
1868,	13.835
1869,	11.921
1870,	10.761
1871,	10.46
1872,	10.234
1873,	10.199
1874,	10.199
1875,	10.308
1876,	12.785
1877,	15.523
1878,	16.984
1879,	18.859
1880,	21.371
1881,	24.484
1882,	28.757
1883,	31.722
1884,	34.535
1885,	38.097
1886,	43.046
1887,	46.984
1888,	48.109
1889,	49.082
1890,	49.609
1891,	49.308
1892,	49.082
1893,	48.519
1894,	48.257
1895,	47.66
1896,	46.945
1897,	46.722
1898,	46.347
1899,	45.558
1900,	44.695
1901,	43.984
1902,	44.171
1903,	44.621
1904,	44.882
1905,	45.933
1906,	47.246
1907,	48.222
1908,	48.746
1909,	49.535
1910,	49.796
1911,	49.382
1912,	48.746
1913,	48.257
1914,	47.433
1915,	46.984
1916,	45.707
1917,	44.285
1918,	43.308
1919,	42.332
1920,	40.609
1921,	39.519
1922,	38.433
1923,	37.796
1924,	37.382
1925,	37.308
1926,	37.945
1927,	39.371
1928,	40.535
1929,	41.546
1930,	42.445
1931,	43.347
1932,	44.132
1933,	45.144
1934,	46.234
1935,	47.019
1936,	47.957
1937,	48.82
1938,	49.832
1939,	50.66
1940,	51.296
1941,	51.484
1942,	51.332
1943,	51.296
1944,	51.707
1945,	52.421
1946,	53.132
1947,	53.695
1948,	53.847
1949,	54.035
1950,	54.183
1951,	53.882
1952,	53.808
1953,	53.957
1954,	53.882
1955,	53.734
1956,	53.847
1957,	53.769
1958,	53.472
1959,	53.359
1960,	53.394
1961,	53.433
1962,	53.507
1963,	53.621
1964,	53.359
1965,	53.246
1966,	53.058
1967,	52.945
1968,	52.496
1969,	52.269
1970,	51.972
1971,	51.894
1972,	51.746
1973,	51.894
1974,	51.671
1975,	51.933
1976,	51.632
1977,	51.859
1978,	52.046
1979,	51.894
1980,	52.046
1981,	51.785
1982,	51.371
1983,	51.183
1984,	50.882
1985,	51.07
1986,	51.558
1987,	52.121
1988,	52.644
1989,	52.91
1990,	52.984
1991,	52.91
1992,	52.945
1993,	52.91
1994,	52.984
1995,	53.058
1996,	53.394
1997,	53.621
1998,	53.66
1999,	53.582
2000,	53.472
2001,	53.359
2002,	53.433
2003,	53.394
2004,	53.507
2005,	53.472
2006,	53.394
2007,	53.433
2008,	53.507
2009,	53.582
2010,	53.695
2011,	53.66
2012,	53.394
2013,	53.433
2014,	53.433
2015,	53.394
2016,	53.285
2017,	53.285
2018,	53.246
2019,	53.359
2020,	53.394
2021,	53.32
2022,	54.144
2023,	54.183
2024,	54.144
2025,	54.82
2026,	54.632
2027,	54.785
2028,	54.519
2029,	54.296
2030,	54.597
2031,	54.597
2032,	54.445
2033,	54.257
2034,	54.183
2035,	54.183
2036,	53.921
2037,	53.66
2038,	53.507
2039,	53.171
2040,	52.871
2041,	52.683
2042,	52.308
2043,	52.195
2044,	51.671
2045,	51.109
2046,	50.472
2047,	50.359
2048,	50.695
2049,	51.144
2050,	50.996
2051,	50.847
2052,	50.957
2053,	50.847
2054,	50.808
2055,	50.695
2056,	50.66
2057,	50.734
2058,	50.472
2059,	50.019
2060,	49.945
2061,	50.132
2062,	50.019
2063,	49.871
2064,	49.644
2065,	49.535
2066,	49.796
2067,	49.722
2068,	49.269
2069,	48.519
2070,	47.621
2071,	46.683
2072,	45.632
2073,	44.695
2074,	43.945
2075,	43.347
2076,	43.195
2077,	44.097
2078,	44.921
2079,	45.746
2080,	46.683
2081,	47.32
2082,	47.921
2083,	48.257
2084,	49.082
2085,	49.535
2086,	49.683
2087,	50.433
2088,	50.996
2089,	51.144
2090,	51.371
2091,	51.597
2092,	51.632
2093,	51.519
2094,	51.445
2095,	51.07
2096,	51.07
2097,	50.957
2098,	50.996
2099,	51.07
2100,	51.332
2101,	51.597
2102,	52.421
2103,	53.207
2104,	52.91
2105,	52.722
2106,	52.347
2107,	51.707
2108,	51.109
2109,	50.66
2110,	50.207
2111,	49.683
2112,	49.121
2113,	48.257
2114,	47.433
2115,	47.019
2116,	46.347
2117,	45.445
2118,	45.222
2119,	44.507
2120,	43.945
2121,	43.722
2122,	43.308
2123,	42.82
2124,	42.82
2125,	42.746
2126,	43.722
2127,	45.632
2128,	48.82
2129,	49.984
2130,	50.769
2131,	51.144
2132,	51.371
2133,	51.519
2134,	51.332
2135,	51.109
2136,	50.882
2137,	50.546
2138,	50.207
2139,	50.019
2140,	49.644
2141,	49.496
2142,	50.171
2143,	50.546
2144,	50.66
2145,	50.769
2146,	50.66
2147,	50.433
2148,	50.734
2149,	50.582
2150,	50.433
2151,	50.921
2152,	50.882
2153,	50.695
2154,	50.621
2155,	50.847
2156,	51.371
2157,	52.082
2158,	52.871
2159,	53.507
2160,	54.296
2161,	54.484
2162,	54.597
2163,	54.332
2164,	54.222
2165,	54.183
2166,	53.769
2167,	53.621
2168,	53.695
2169,	53.769
2170,	54.371
2171,	54.707
2172,	54.41
2173,	54.41
2174,	53.734
2175,	53.207
2176,	52.871
2177,	52.382
2178,	51.785
2179,	51.222
2180,	50.582
2181,	50.058
2182,	50.058
2183,	49.722
2184,	49.91
2185,	49.871
2186,	49.796
2187,	49.195
2188,	49.757
2189,	50.097
2190,	50.433
2191,	50.394
2192,	50.32
2193,	50.058
2194,	49.757
2195,	50.246
2196,	50.097
2197,	50.433
2198,	49.046
2199,	47.285
2200,	45.894
2201,	44.808
2202,	43.082
2203,	41.621
2204,	39.597
2205,	37.421
2206,	35.246
2207,	33.222
2208,	30.82
2209,	29.695
2210,	28.91
2211,	30.445
2212,	34.757
2213,	35.32
2214,	36.109
2215,	36.898
2216,	37.609
2217,	38.472
2218,	39.035
2219,	39.933
2220,	40.796
2221,	41.359
2222,	41.996
2223,	41.285
2224,	40.57
2225,	39.484
2226,	38.582
2227,	37.308
2228,	35.996
2229,	34.722
2230,	33.859
2231,	33.335
2232,	33.671
2233,	33.933
2234,	34.347
2235,	33.484
2236,	31.984
2237,	30.484
2238,	28.722
2239,	26.507
2240,	24.445
2241,	22.91
2242,	21.632
2243,	19.085
2244,	16.496
2245,	14.171
2246,	12.183
2247,	10.574
2248,	9.41
2249,	9.523
2250,	13.121
2251,	15.148
2252,	15.859
2253,	16.234
2254,	17.246
2255,	20.507
2256,	23.847
2257,	24.07
2258,	24.71
2259,	28.535
2260,	33.148
2261,	37.57
2262,	41.621
2263,	46.269
2264,	49.382
2265,	47.882
2266,	46.945
2267,	49.421
2268,	51.371
2269,	49.945
2270,	48.257
2271,	47.019
2272,	45.484
2273,	43.984
2274,	42.445
2275,	40.984
2276,	39.484
2277,	38.695
2278,	38.546
2279,	38.32
2280,	37.835
2281,	38.546
2282,	39.222
2283,	39.859
2284,	40.382
2285,	40.609
2286,	40.757
2287,	41.246
2288,	40.871
2289,	39.707
2290,	38.507
2291,	37.722
2292,	36.933
2293,	36.82
2294,	36.746
2295,	36.71
2296,	37.16
2297,	37.496
2298,	37.57
2299,	37.984
2300,	38.507
2301,	38.882
2302,	39.445
2303,	39.707
2304,	39.972
2305,	39.933
2306,	40.046
2307,	40.308
2308,	40.457
2309,	40.421
2310,	40.57
2311,	40.609
2312,	39.859
2313,	37.609
2314,	35.546
2315,	33.371
2316,	31.535
2317,	30.632
2318,	30.371
2319,	30.183
2320,	30.41
2321,	30.445
2322,	30.671
2323,	30.898
2324,	30.82
2325,	30.558
2326,	30.445
2327,	30.785
2328,	31.046
2329,	31.16
2330,	31.496
2331,	31.496
2332,	30.898
2333,	30.445
2334,	29.882
2335,	29.433
2336,	29.097
2337,	28.308
2338,	28.16
2339,	28.57
2340,	28.796
2341,	29.171
2342,	28.835
2343,	28.007
2344,	27.859
2345,	28.308
2346,	28.421
2347,	28.648
2348,	28.234
2349,	27.109
2350,	24.746
2351,	23.808
2352,	22.421
2353,	21.445
2354,	19.871
2355,	17.734
2356,	16.011
2357,	15.597
2358,	16.011
2359,	16.121
2360,	14.433
2361,	11.773
2362,	10.199
2363,	7.91
2364,	6.335
2365,	3.933
2366,	1.722
2367,	4.46
2368,	4.761
2369,	5.21
2370,	5.734
2371,	6.785
2372,	8.511
2373,	9.71
2374,	10.761
2375,	11.699
2376,	12.222
2377,	12.597
2378,	13.011
2379,	13.011
2380,	12.074
2381,	10.871
2382,	9.222
2383,	7.011
2384,	5.246
2385,	3.41
2386,	3.109
2387,	1.609
2388,	0
2389,	1.011
2390,	2.324
2391,	5.246
2392,	8.433
2393,	10.16
2394,	12.859
2395,	15.972
2396,	19.648
2397,	24.632
2398,	30.07
2399,	33.257
2400,	39.746
2401,	42.222
2402,	43.644
2403,	44.769
2404,	44.472
2405,	44.058
2406,	43.644
2407,	43.945
2408,	44.957
2409,	45.707
2410,	46.644
2411,	47.472
2412,	47.882
2413,	47.769
2414,	47.546
2415,	47.546
2416,	47.921
2417,	47.847
2418,	47.507
2419,	47.847
2420,	47.808
2421,	48.035
2422,	48.41
2423,	47.097
2424,	45.035
2425,	43.308
2426,	41.695
2427,	41.058
2428,	39.933
2429,	38.808
2430,	38.921
2431,	42.859
2432,	47.808
2433,	49.308
2434,	50.472
2435,	51.183
2436,	51.785
2437,	52.082
2438,	52.382
2439,	51.972
2440,	51.222
2441,	50.019
2442,	48.558
2443,	46.945
2444,	46.195
2445,	45.972
2446,	46.722
2447,	47.582
2448,	48.41
2449,	48.445
2450,	47.921
2451,	47.359
2452,	46.496
2453,	46.609
2454,	46.382
2455,	45.671
2456,	44.882
2457,	43.796
2458,	42.484
2459,	42.144
2460,	42.484
2461,	43.195
2462,	43.16
2463,	43.496
2464,	44.171
2465,	45.445
2466,	46.644
2467,	48.109
2468,	48.82
2469,	48.671
2470,	47.847
2471,	46.347
2472,	44.921
2473,	43.984
2474,	43.496
2475,	42.484
2476,	41.32
2477,	40.121
2478,	39.671
2479,	40.871
2480,	42.41
2481,	44.32
2482,	45.785
2483,	46.347
2484,	45.894
2485,	44.996
2486,	44.058
2487,	43.382
2488,	44.097
2489,	45.707
2490,	46.234
2491,	45.671
2492,	44.734
2493,	43.757
2494,	43.195
2495,	42.597
2496,	41.808
2497,	42.035
2498,	42.371
2499,	43.007
2500,	43.722
2501,	44.019
2502,	43.496
2503,	42.445
2504,	41.171
2505,	40.496
2506,	40.457
2507,	40.984
2508,	42.296
2509,	43.871
2510,	45.035
2511,	45.933
2512,	46.457
2513,	46.57
2514,	46.421
2515,	46.195
2516,	46.007
2517,	45.07
2518,	44.246
2519,	43.121
2520,	42.035
2521,	40.644
2522,	39.41
2523,	38.66
2524,	38.21
2525,	37.683
2526,	37.121
2527,	36.484
2528,	36.035
2529,	36.109
2530,	36.933
2531,	38.023
2532,	39.257
2533,	40.91
2534,	42.597
2535,	44.207
2536,	45.859
2537,	46.796
2538,	47.285
2539,	47.996
2540,	47.957
2541,	47.507
2542,	47.132
2543,	46.871
2544,	45.597
2545,	43.945
2546,	42.484
2547,	41.734
2548,	40.91
2549,	40.121
2550,	40.269
2551,	39.82
2552,	38.847
2553,	37.007
2554,	35.773
2555,	35.472
2556,	35.621
2557,	36.222
2558,	37.195
2559,	37.871
2560,	38.882
2561,	39.332
2562,	38.957
2563,	38.058
2564,	37.609
2565,	36.597
2566,	35.773
2567,	35.359
2568,	34.496
2569,	34.382
2570,	34.835
2571,	34.945
2572,	34.683
2573,	34.308
2574,	33.597
2575,	33.183
2576,	33.82
2577,	34.984
2578,	35.921
2579,	36.558
2580,	37.046
2581,	37.609
2582,	38.171
2583,	38.621
2584,	38.769
2585,	39.144
2586,	38.808
2587,	38.285
2588,	38.546
2589,	40.496
2590,	41.546
2591,	42.257
2592,	43.644
2593,	45.41
2594,	46.832
2595,	46.16
2596,	45.332
2597,	44.921
2598,	44.582
2599,	44.472
2600,	44.582
2601,	45.257
2602,	46.644
2603,	47.359
2604,	47.32
2605,	47.546
2606,	47.882
2607,	48.035
2608,	47.808
2609,	47.734
2610,	47.882
2611,	47.246
2612,	45.785
2613,	44.394
2614,	43.757
2615,	43.609
2616,	43.57
2617,	43.57
2618,	44.058
2619,	44.921
2620,	45.859
2621,	45.859
2622,	45.558
2623,	45.597
2624,	45.933
2625,	46.234
2626,	46.308
2627,	46.382
2628,	47.097
2629,	47.882
2630,	47.847
2631,	47.32
2632,	46.871
2633,	45.785
2634,	44.433
2635,	43.234
2636,	42.222
2637,	41.546
2638,	42.296
2639,	43.082
2640,	43.57
2641,	43.722
2642,	44.019
2643,	43.457
2644,	42.035
2645,	40.421
2646,	38.921
2647,	37.57
2648,	36.671
2649,	36.484
2650,	36.523
2651,	37.722
2652,	40.082
2653,	41.66
2654,	42.671
2655,	43.457
2656,	44.394
2657,	45.519
2658,	46.234
2659,	47.246
2660,	48.183
2661,	49.046
2662,	49.832
2663,	49.871
2664,	50.507
2665,	51.671
2666,	52.082
2667,	51.671
2668,	51.371
2669,	51.785
2670,	52.496
2671,	52.757
2672,	53.695
2673,	53.957
2674,	54.671
2675,	55.121
2676,	55.347
2677,	56.207
2678,	56.957
2679,	56.769
2680,	56.957
2681,	56.32
2682,	55.644
2683,	54.707
2684,	53.957
2685,	52.347
2686,	50.433
2687,	48.445
2688,	47.66
2689,	47.207
2690,	47.433
2691,	48.144
2692,	48.332
2693,	47.882
2694,	48.07
2695,	48.707
2696,	48.859
2697,	49.457
2698,	50.246
2699,	50.695
2700,	50.621
2701,	48.82
2702,	45.785
2703,	43.308
2704,	41.582
2705,	41.058
2706,	41.132
2707,	41.546
2708,	41.66
2709,	41.32
2710,	41.359
2711,	41.472
2712,	41.285
2713,	42.519
2714,	45.632
2715,	46.535
2716,	47.097
2717,	47.769
2718,	47.621
2719,	46.945
2720,	46.347
2721,	46.007
2722,	46.421
2723,	47.621
2724,	49.16
2725,	50.472
2726,	51.484
2727,	51.296
2728,	50.359
2729,	48.894
2730,	47.66
2731,	48.222
2732,	50.32
2733,	53.246
2734,	55.57
2735,	56.546
2736,	56.394
2737,	56.246
2738,	56.957
2739,	56.882
2740,	55.945
2741,	55.121
2742,	54.972
2743,	54.558
2744,	53.207
2745,	51.746
2746,	50.394
2747,	49.234
2748,	48.785
2749,	48.671
2750,	48.445
2751,	48.933
2752,	49.121
2753,	48.785
2754,	47.996
2755,	47.32
2756,	47.058
2757,	47.433
2758,	47.32
2759,	46.683
2760,	44.882
2761,	43.683
2762,	43.871
2763,	45.257
2764,	47.246
2765,	49.347
2766,	51.519
2767,	51.972
2768,	51.035
2769,	49.535
2770,	48.222
2771,	47.285
2772,	46.195
2773,	44.582
2774,	42.746
2775,	40.832
2776,	38.882
2777,	37.046
2778,	35.507
2779,	35.621
2780,	37.382
2781,	39.332
2782,	40.683
2783,	41.433
2784,	41.734
2785,	42.484
2786,	42.894
2787,	43.609
2788,	44.285
2789,	44.695
2790,	44.621
2791,	44.582
2792,	44.058
2793,	43.535
2794,	43.269
2795,	42.933
2796,	43.046
2797,	43.269
2798,	43.609
2799,	44.359
2800,	44.66
2801,	44.734
2802,	44.546
2803,	43.871
2804,	43.269
2805,	42.671
2806,	41.546
2807,	40.382
2808,	39.597
2809,	38.472
2810,	37.421
2811,	35.472
2812,	34.683
2813,	35.32
2814,	36.632
2815,	36.71
2816,	36.484
2817,	36.859
2818,	37.421
2819,	37.609
2820,	38.058
2821,	38.734
2822,	39.632
2823,	39.82
2824,	39.894
2825,	39.632
2826,	39.07
2827,	38.734
2828,	38.507
2829,	38.285
2830,	37.722
2831,	36.671
2832,	35.66
2833,	34.722
2834,	33.632
2835,	33.335
2836,	32.695
2837,	31.757
2838,	31.757
2839,	32.132
2840,	32.585
2841,	33.109
2842,	33.296
2843,	32.585
2844,	31.535
2845,	30.257
2846,	28.308
2847,	26.398
2848,	25.195
2849,	24.972
2850,	25.195
2851,	25.57
2852,	25.757
2853,	25.421
2854,	24.632
2855,	23.621
2856,	22.535
2857,	21.445
2858,	20.847
2859,	22.347
2860,	25.496
2861,	26.585
2862,	26.996
2863,	29.507
2864,	30.41
2865,	33.257
2866,	37.57
2867,	41.394
2868,	45.785
2869,	48.972
2870,	52.347
2871,	56.808
2872,	60.484
2873,	64.007
2874,	65.207
2875,	66.07
2876,	66.82
2877,	67.57
2878,	68.281
2879,	68.621
2880,	68.921
2881,	68.621
2882,	68.468
2883,	67.984
2884,	67.343
2885,	66.671
2886,	66.558
2887,	65.171
2888,	63.894
2889,	62.734
2890,	61.531
2891,	60.746
2892,	60.109
2893,	59.769
2894,	59.695
2895,	60.296
2896,	60.406
2897,	61.496
2898,	61.683
2899,	61.832
2900,	61.871
2901,	61.683
2902,	61.121
2903,	60.707
2904,	60.257
2905,	59.734
2906,	59.394
2907,	58.984
2908,	58.496
2909,	57.933
2910,	57.894
2911,	57.597
2912,	58.496
2913,	59.507
2914,	60.671
2915,	62.132
2916,	63.371
2917,	64.195
2918,	65.058
2919,	66.183
2920,	67.046
2921,	67.57
2922,	68.246
2923,	68.171
2924,	68.468
2925,	68.019
2926,	67.945
2927,	67.644
2928,	67.308
2929,	66.82
2930,	66.371
2931,	65.656
2932,	64.757
2933,	63.968
2934,	63.632
2935,	63.746
2936,	63.296
2937,	62.843
2938,	62.058
2939,	60.894
2940,	59.656
2941,	58.121
2942,	56.207
2943,	54.07
2944,	51.859
2945,	49.457
2946,	46.91
2947,	44.507
2948,	42.07
2949,	40.121
2950,	38.996
2951,	40.007
2952,	45.746
2953,	51.035
2954,	56.921
2955,	57.671
2956,	57.933
2957,	58.718
2958,	59.843
2959,	60.859
2960,	61.421
2961,	61.683
2962,	61.609
2963,	61.609
2964,	61.945
2965,	63.296
2966,	65.058
2967,	66.218
2968,	66.746
2969,	66.707
2970,	66.371
2971,	65.734
2972,	64.871
2973,	63.894
2974,	62.734
2975,	61.644
2976,	60.445
2977,	59.207
2978,	58.421
2979,	57.332
2980,	55.984
2981,	55.16
2982,	54.597
2983,	55.269
2984,	56.019
2985,	57.519
2986,	58.269
2987,	59.132
2988,	60.031
2989,	60.593
2990,	60.558
2991,	59.921
2992,	59.281
2993,	58.308
2994,	57.332
2995,	56.472
2996,	56.808
2997,	56.808
2998,	56.433
2999,	55.269
3000,	54.035
3001,	53.546
3002,	52.046
3003,	50.433
3004,	48.972
3005,	47.246
3006,	45.519
3007,	43.832
3008,	41.957
3009,	39.972
3010,	38.171
3011,	36.859
3012,	35.132
3013,	33.558
3014,	32.507
3015,	32.21
3016,	30.41
3017,	29.695
3018,	28.796
3019,	28.195
3020,	29.433
3021,	33.148
3022,	36.933
3023,	40.683
3024,	45.597
3025,	49.871
3026,	53.097
3027,	52.683
3028,	54.257
3029,	57.109
3030,	59.507
3031,	62.546
3032,	65.695
3033,	68.921
3034,	68.656
3035,	67.832
3036,	67.308
3037,	66.859
3038,	67.531
3039,	66.406
3040,	65.468
3041,	67.906
3042,	70.496
3043,	73.121
3044,	75.933
3045,	76.945
3046,	76.121
3047,	77.355
3048,	76.718
3049,	75.593
3050,	74.621
3051,	73.757
3052,	72.707
3053,	71.734
3054,	70.644
3055,	69.484
3056,	68.32
3057,	67.269
3058,	66.332
3059,	64.984
3060,	63.968
3061,	63.031
3062,	61.718
3063,	60.593
3064,	59.32
3065,	58.421
3066,	57.183
3067,	55.644
3068,	54.296
3069,	52.832
3070,	51.371
3071,	49.871
3072,	48.41
3073,	47.582
3074,	47.019
3075,	46.57
3076,	45.222
3077,	43.722
3078,	42.257
3079,	41.285
3080,	40.046
3081,	38.957
3082,	37.609
3083,	35.882
3084,	34.234
3085,	32.621
3086,	31.121
3087,	30.71
3088,	30.257
3089,	29.132
3090,	27.558
3091,	26.132
3092,	24.41
3093,	23.285
3094,	22.16
3095,	20.773
3096,	19.273
3097,	17.472
3098,	15.371
3099,	14.699
3100,	14.136
3101,	11.285
3102,	8.285
3103,	6.71
3104,	6.558
3105,	5.359
3106,	5.324
3107,	0
3108,	0
3109,	0
3110,	0
3111,	0
3112,	0
3113,	0
3114,	0
3115,	1.16
3116,	2.359
3117,	3.972
3118,	7.046
3119,	10.386
3120,	12.484
3121,	14.246
3122,	16.199
3123,	18.597
3124,	20.808
3125,	23.023
3126,	25.796
3127,	28.46
3128,	29.847
3129,	30.632
3130,	31.421
3131,	32.32
3132,	33.222
3133,	34.085
3134,	34.91
3135,	35.773
3136,	36.632
3137,	36.933
3138,	35.96
3139,	34.871
3140,	33.523
3141,	31.195
3142,	28.871
3143,	26.96
3144,	25.835
3145,	25.195
3146,	23.621
3147,	20.058
3148,	18.035
3149,	16.16
3150,	15.035
3151,	14.96
3152,	15.558
3153,	15.597
3154,	14.511
3155,	13.835
3156,	13.91
3157,	14.246
3158,	14.734
3159,	17.023
3160,	19.984
3161,	24.222
3162,	26.433
3163,	27.972
3164,	34.046
3165,	40.796
3166,	44.734
3167,	46.832
3168,	47.996
3169,	48.82
3170,	47.769
3171,	46.382
3172,	44.621
3173,	43.195
3174,	41.66
3175,	40.082
3176,	38.023
3177,	35.398
3178,	32.921
3179,	31.496
3180,	30.785
3181,	30.972
3182,	32.433
3183,	32.585
3184,	33.335
3185,	36.972
3186,	39.07
3187,	39.785
3188,	40.457
3189,	41.246
3190,	42.257
3191,	42.332
3192,	42.257
3193,	41.058
3194,	39.144
3195,	38.398
3196,	36.82
3197,	35.359
3198,	35.359
3199,	37.57
3200,	38.734
3201,	38.582
3202,	38.32
3203,	38.023
3204,	37.722
3205,	37.496
3206,	36.82
3207,	36.07
3208,	35.398
3209,	33.972
3210,	33.035
3211,	32.585
3212,	32.359
3213,	32.359
3214,	33.109
3215,	32.808
3216,	31.683
3217,	30.597
3218,	29.585
3219,	28.085
3220,	25.308
3221,	24.445
3222,	25.234
3223,	25.683
3224,	27.41
3225,	30.484
3226,	33.484
3227,	35.285
3228,	36.445
3229,	36.632
3230,	35.921
3231,	34.46
3232,	32.585
3233,	30.898
3234,	30.898
3235,	31.421
3236,	32.21
3237,	32.882
3238,	35.171
3239,	37.757
3240,	40.722
3241,	42.894
3242,	45.484
3243,	49.234
3244,	51.558
3245,	52.234
3246,	53.472
3247,	52.984
3248,	52.57
3249,	52.195
3250,	51.859
3251,	51.445
3252,	51.785
3253,	52.382
3254,	53.847
3255,	54.41
3256,	55.16
3257,	55.234
3258,	54.445
3259,	54.371
3260,	54.332
3261,	54.035
3262,	53.32
3263,	52.57
3264,	51.746
3265,	51.296
3266,	52.16
3267,	52.644
3268,	53.847
3269,	54.933
3270,	55.308
3271,	54.707
3272,	53.621
3273,	52.832
3274,	52.496
3275,	53.32
3276,	54.183
3277,	55.757
3278,	58.007
3279,	59.582
3280,	59.996
3281,	59.996
3282,	60.746
3283,	60.371
3284,	60.859
3285,	61.457
3286,	61.757
3287,	62.507
3288,	63.144
3289,	62.882
3290,	63.484
3291,	62.808
3292,	62.281
3293,	61.644
3294,	60.632
3295,	59.171
3296,	57.82
3297,	56.132
3298,	54.597
3299,	52.796
3300,	51.332
3301,	49.644
3302,	47.921
3303,	47.582
3304,	46.984
3305,	47.207
3306,	47.621
3307,	47.921
3308,	48.519
3309,	50.882
3310,	53.359
3311,	54.035
3312,	54.144
3313,	53.285
3314,	51.933
3315,	50.996
3316,	49.269
3317,	47.507
3318,	46.007
3319,	44.582
3320,	43.496
3321,	42.519
3322,	42.484
3323,	43.457
3324,	46.496
3325,	47.507
3326,	47.996
3327,	48.07
3328,	47.582
3329,	46.609
3330,	45.296
3331,	43.683
3332,	42.597
3333,	41.472
3334,	40.871
3335,	40.457
3336,	40.871
3337,	41.394
3338,	41.734
3339,	42.41
3340,	44.359
3341,	48.035
3342,	49.421
3343,	51.785
3344,	53.621
3345,	56.171
3346,	57.894
3347,	59.019
3348,	60.406
3349,	62.171
3350,	63.558
3351,	65.695
3352,	67.421
3353,	68.171
3354,	68.957
3355,	68.507
3356,	67.644
3357,	66.707
3358,	65.769
3359,	65.058
3360,	65.394
3361,	64.757
3362,	64.121
3363,	63.296
3364,	62.996
3365,	63.371
3366,	65.546
3367,	67.609
3368,	67.832
3369,	67.718
3370,	66.632
3371,	65.468
3372,	63.183
3373,	62.019
3374,	59.882
3375,	58.796
3376,	58.007
3377,	57.933
3378,	58.082
3379,	58.195
3380,	57.82
3381,	57.371
3382,	57.183
3383,	57.597
3384,	55.609
3385,	53.769
3386,	51.519
3387,	49.121
3388,	46.644
3389,	43.832
3390,	41.507
3391,	40.457
3392,	40.796
3393,	43.457
3394,	47.66
3395,	50.058
3396,	52.945
3397,	56.359
3398,	58.945
3399,	59.695
3400,	60.707
3401,	60.781
3402,	61.457
3403,	62.246
3404,	63.031
3405,	62.546
3406,	62.281
3407,	61.984
3408,	61.683
3409,	61.382
3410,	60.558
3411,	59.957
3412,	59.359
3413,	59.058
3414,	59.207
3415,	60.109
3416,	60.671
3417,	61.121
3418,	61.796
3419,	61.421
3420,	61.007
3421,	60.519
3422,	60.144
3423,	59.359
3424,	59.359
3425,	59.621
3426,	60.484
3427,	61.007
3428,	61.945
3429,	62.882
3430,	63.707
3431,	64.496
3432,	64.796
3433,	64.457
3434,	64.57
3435,	64.531
3436,	64.156
3437,	63.558
3438,	62.882
3439,	62.32
3440,	62.507
3441,	62.843
3442,	63.558
3443,	64.269
3444,	64.156
3445,	64.195
3446,	64.156
3447,	63.632
3448,	63.183
3449,	62.843
3450,	62.996
3451,	63.671
3452,	64.046
3453,	64.382
3454,	64.644
3455,	65.019
3456,	65.507
3457,	65.656
3458,	65.808
3459,	65.996
3460,	66.632
3461,	67.308
3462,	67.906
3463,	70.046
3464,	71.132
3465,	71.957
3466,	72.445
3467,	73.757
3468,	74.359
3469,	74.132
3470,	73.718
3471,	73.609
3472,	73.121
3473,	72.593
3474,	71.996
3475,	71.621
3476,	71.621
3477,	72.218
3478,	72.707
3479,	73.007
3480,	73.156
3481,	72.859
3482,	72.296
3483,	71.882
3484,	71.32
3485,	71.734
3486,	72.144
3487,	72.144
3488,	71.695
3489,	71.058
3490,	70.421
3491,	69.558
3492,	68.882
3493,	68.582
3494,	69.144
3495,	69.558
3496,	70.421
3497,	70.683
3498,	70.683
3499,	70.871
3500,	70.796
3501,	71.281
3502,	71.394
3503,	71.996
3504,	72.296
3505,	71.996
3506,	71.468
3507,	71.957
3508,	71.546
3509,	71.132
3510,	70.195
3511,	68.957
3512,	67.195
3513,	65.808
3514,	64.906
3515,	63.593
3516,	62.468
3517,	60.933
3518,	59.734
3519,	58.269
3520,	56.582
3521,	55.382
3522,	54.82
3523,	53.847
3524,	51.183
3525,	48.484
3526,	45.519
3527,	42.933
3528,	40.347
3529,	37.46
3530,	35.359
3531,	33.558
3532,	33.183
3533,	33.222
3534,	30.671
3535,	26.847
3536,	22.683
3537,	19.57
3538,	18.71
3539,	19.535
3540,	19.121
3541,	15.824
3542,	12.222
3543,	10.91
3544,	11.171
3545,	8.433
3546,	7.421
3547,	6.636
3548,	4.273
3549,	1.949
3550,	0
3551,	0
3552,	0
3553,	0
3554,	0
3555,	0
3556,	0
3557,	0
3558,	0
3559,	0
3560,	0
3561,	0
3562,	0
3563,	0
3564,	0
3565,	0
3566,	0
3567,	0
3568,	0
3569,	0
3570,	0
3571,	0
3572,	0
3573,	0
3574,	0
3575,	0
3576,	0
3577,	0
3578,	0
3579,	0
3580,	0
3581,	0
3582,	0
3583,	0
3584,	0
3585,	0
3586,	0
3587,	0
3588,	0
3589,	0
3590,	0
3591,	0
3592,	0
3593,	0
3594,	0
3595,	0
3596,	0
3597,	0
3598,	0
3599,	0
3600,	0
3601,	0
3602,	0
3603,	0
3604,	0.449
3605,	2.996
3606,	7.609
3607,	13.085
3608,	17.285
3609,	21.445
3610,	25.195
3611,	28.835
3612,	30.257
3613,	31.121
3614,	30.898
3615,	30.933
3616,	30.785
3617,	31.234
3618,	31.382
3619,	31.308
3620,	33.035
3621,	34.945
3622,	36.148
3623,	37.347
3624,	38.546
3625,	39.859
3626,	41.957
3627,	45.785
3628,	48.632
3629,	49.871
3630,	50.996
3631,	51.933
3632,	52.382
3633,	54.07
3634,	55.347
3635,	55.535
3636,	55.535
3637,	55.757
3638,	55.945
3639,	55.796
3640,	55.757
3641,	55.609
3642,	55.757
3643,	55.382
3644,	55.496
3645,	55.644
3646,	55.644
3647,	55.609
3648,	55.871
3649,	55.457
3650,	55.457
3651,	55.234
3652,	55.121
3653,	55.121
3654,	54.859
3655,	54.785
3656,	54.558
3657,	54.519
3658,	54.41
3659,	53.808
3660,	53.433
3661,	53.132
3662,	52.683
3663,	52.347
3664,	52.121
3665,	51.558
3666,	51.183
3667,	50.433
3668,	50.171
3669,	49.683
3670,	49.195
3671,	48.82
3672,	48.222
3673,	47.621
3674,	46.832
3675,	46.046
3676,	45.296
3677,	44.808
3678,	43.757
3679,	43.347
3680,	42.519
3681,	41.847
3682,	41.097
3683,	39.894
3684,	39.109
3685,	38.32
3686,	37.835
3687,	36.82
3688,	36.335
3689,	35.734
3690,	35.285
3691,	34.683
3692,	34.121
3693,	33.746
3694,	32.808
3695,	31.871
3696,	31.234
3697,	30.597
3698,	29.734
3699,	29.058
3700,	28.683
3701,	28.007
3702,	27.484
3703,	27.484
3704,	28.496
3705,	30.632
3706,	32.472
3707,	36.07
3708,	40.308
3709,	44.207
3710,	47.472
3711,	50.582
3712,	52.644
3713,	54.707
3714,	57.183
3715,	58.796
3716,	59.207
3717,	59.394
3718,	59.281
3719,	59.394
3720,	59.058
3721,	58.832
3722,	59.281
3723,	58.757
3724,	58.796
3725,	58.308
3726,	58.046
3727,	57.558
3728,	56.582
3729,	55.57
3730,	54.035
3731,	52.832
3732,	51.371
3733,	50.394
3734,	49.347
3735,	48.445
3736,	47.582
3737,	46.535
3738,	46.421
3739,	46.57
3740,	46.91
3741,	47.32
3742,	48.597
3743,	51.746
3744,	55.046
3745,	57.144
3746,	59.843
3747,	60.484
3748,	60.707
3749,	61.121
3750,	61.496
3751,	61.683
3752,	61.796
3753,	61.644
3754,	60.558
3755,	59.207
3756,	57.933
3757,	57.035
3758,	56.582
3759,	56.695
3760,	57.07
3761,	57.371
3762,	59.019
3763,	59.394
3764,	59.281
3765,	59.468
3766,	59.058
3767,	59.058
3768,	59.281
3769,	59.207
3770,	59.394
3771,	59.468
3772,	59.468
3773,	59.695
3774,	60.371
3775,	61.757
3776,	63.933
3777,	66.07
3778,	67.195
3779,	67.457
3780,	67.195
3781,	65.808
3782,	64.718
3783,	63.257
3784,	62.207
3785,	60.445
3786,	59.882
3787,	59.281
3788,	59.621
3789,	58.531
3790,	56.882
3791,	55.046
3792,	53.019
3793,	51.296
3794,	49.121
3795,	47.285
3796,	45.371
3797,	44.394
3798,	43.382
3799,	41.207
3800,	37.871
3801,	34.16
3802,	31.347
3803,	29.507
3804,	28.609
3805,	30.933
3806,	35.734
3807,	40.871
3808,	44.957
3809,	48.109
3810,	48.82
3811,	47.621
3812,	46.796
3813,	45.707
3814,	44.847
3815,	43.984
3816,	43.382
3817,	43.16
3818,	43.347
3819,	43.496
3820,	44.32
3821,	44.882
3822,	45.707
3823,	46.457
3824,	47.359
3825,	48.035
3826,	49.121
3827,	49.57
3828,	50.582
3829,	51.332
3830,	52.121
3831,	52.683
3832,	53.433
3833,	53.695
3834,	52.945
3835,	51.859
3836,	50.847
3837,	49.609
3838,	48.632
3839,	47.847
3840,	46.91
3841,	46.683
3842,	46.308
3843,	46.16
3844,	46.269
3845,	46.082
3846,	45.894
3847,	45.222
3848,	44.921
3849,	44.207
3850,	43.644
3851,	42.82
3852,	42.222
3853,	41.472
3854,	40.234
3855,	39.41
3856,	38.398
3857,	36.558
3858,	34.91
3859,	33.632
3860,	32.507
3861,	32.621
3862,	33.445
3863,	31.496
3864,	27.898
3865,	24.335
3866,	20.359
3867,	17.699
3868,	15.636
3869,	13.949
3870,	12.785
3871,	12.335
3872,	13.085
3873,	13.871
3874,	16.496
3875,	21.335
3876,	26.398
3877,	31.796
3878,	34.945
3879,	35.96
3880,	36.558
3881,	37.382
3882,	38.546
3883,	38.734
3884,	38.921
3885,	39.859
3886,	40.007
3887,	39.746
3888,	39.183
3889,	38.359
3890,	36.933
3891,	35.921
3892,	32.882
3893,	32.882
3894,	35.847
3895,	38.132
3896,	39.859
3897,	40.082
3898,	37.421
3899,	34.046
3900,	32.96
3901,	33.371
3902,	36.035
3903,	39.222
3904,	41.695
3905,	42.371
3906,	42.257
3907,	42.707
3908,	43.347
3909,	45.519
3910,	45.671
3911,	43.796
3912,	42.296
3913,	40.871
3914,	39.785
3915,	38.66
3916,	37.382
3917,	36.785
3918,	36.109
3919,	35.21
3920,	36.558
3921,	37.945
3922,	39.222
3923,	39.484
3924,	38.996
3925,	39.257
3926,	39.82
3927,	39.445
3928,	38.621
3929,	39.035
3930,	39.894
3931,	39.894
3932,	41.246
3933,	44.132
3934,	46.421
3935,	48.82
3936,	50.695
3937,	51.82
3938,	52.046
3939,	52.082
3940,	52.347
3941,	52.007
3942,	51.222
3943,	50.097
3944,	49.082
3945,	48.519
3946,	48.785
3947,	50.695
3948,	53.582
3949,	54.785
3950,	54.07
3951,	53.32
3952,	52.195
3953,	50.582
3954,	48.707
3955,	46.91
3956,	45.371
3957,	44.097
3958,	42.296
3959,	40.683
3960,	40.082
3961,	41.433
3962,	44.058
3963,	45.41
3964,	47.394
3965,	48.746
3966,	50.507
3967,	51.558
3968,	52.347
3969,	53.921
3970,	55.046
3971,	55.57
3972,	55.609
3973,	55.269
3974,	54.445
3975,	54.597
3976,	55.722
3977,	57.859
3978,	59.582
3979,	60.109
3980,	59.882
3981,	60.445
3982,	61.496
3983,	62.359
3984,	62.695
3985,	63.332
3986,	63.109
3987,	63.109
3988,	62.808
3989,	63.632
3990,	62.769
3991,	62.207
3992,	60.671
3993,	59.582
3994,	59.246
3995,	58.269
3996,	57.597
3997,	57.035
3998,	56.472
3999,	55.535
4000,	54.109
4001,	51.972
4002,	51.144
4003,	52.382
4004,	55.984
4005,	58.156
4006,	59.058
4007,	57.933
4008,	56.359
4009,	54.484
4010,	53.171
4011,	52.57
4012,	52.945
4013,	53.171
4014,	53.582
4015,	52.683
4016,	52.796
4017,	54.035
4018,	54.707
4019,	54.785
4020,	53.996
4021,	53.808
4022,	53.019
4023,	52.082
4024,	51.371
4025,	51.296
4026,	52.757
4027,	55.046
4028,	56.996
4029,	57.144
4030,	56.394
4031,	55.609
4032,	55.269
4033,	54.632
4034,	54.933
4035,	56.171
4036,	59.546
4037,	61.382
4038,	61.906
4039,	62.207
4040,	62.132
4041,	62.621
4042,	62.621
4043,	62.507
4044,	62.808
4045,	63.031
4046,	62.546
4047,	61.683
4048,	60.82
4049,	59.359
4050,	58.457
4051,	56.921
4052,	56.132
4053,	56.207
4054,	56.695
4055,	60.183
4056,	63.859
4057,	66.593
4058,	66.746
4059,	65.996
4060,	65.507
4061,	65.546
4062,	65.207
4063,	65.093
4064,	64.421
4065,	63.671
4066,	63.257
4067,	64.195
4068,	64.945
4069,	63.593
4070,	63.257
4071,	63.257
4072,	62.921
4073,	62.656
4074,	61.832
4075,	59.808
4076,	57.707
4077,	54.785
4078,	52.57
4079,	53.132
4080,	53.097
4081,	52.796
4082,	52.195
4083,	54.296
4084,	56.621
4085,	55.644
4086,	53.246
4087,	51.332
4088,	51.445
4089,	51.82
4090,	50.66
4091,	49.757
4092,	49.609
4093,	50.207
4094,	49.16
4095,	48.632
4096,	48.707
4097,	49.046
4098,	49.722
4099,	49.644
4100,	50.394
4101,	52.421
4102,	54.144
4103,	54.894
4104,	54.707
4105,	53.285
4106,	50.621
4107,	48.519
4108,	47.132
4109,	46.007
4110,	46.195
4111,	45.371
4112,	44.582
4113,	44.246
4114,	43.757
4115,	43.984
4116,	44.058
4117,	44.32
4118,	44.582
4119,	44.058
4120,	44.507
4121,	44.734
4122,	45.035
4123,	44.621
4124,	44.546
4125,	44.507
4126,	43.457
4127,	41.695
4128,	40.457
4129,	39.632
4130,	38.996
4131,	38.66
4132,	39.07
4133,	39.07
4134,	38.621
4135,	38.507
4136,	39.222
4137,	41.097
4138,	44.207
4139,	46.007
4140,	46.269
4141,	45.972
4142,	46.234
4143,	47.695
4144,	49.609
4145,	51.183
4146,	50.882
4147,	50.546
4148,	49.421
4149,	48.371
4150,	46.984
4151,	46.757
4152,	47.019
4153,	46.757
4154,	46.57
4155,	46.16
4156,	45.894
4157,	46.832
4158,	47.808
4159,	48.671
4160,	49.984
4161,	51.183
4162,	51.597
4163,	51.972
4164,	51.597
4165,	49.832
4166,	48.07
4167,	46.269
4168,	44.582
4169,	43.683
4170,	43.121
4171,	43.945
4172,	44.621
4173,	45.558
4174,	46.535
4175,	47.957
4176,	50.097
4177,	51.296
4178,	52.457
4179,	54.332
4180,	57.371
4181,	58.757
4182,	59.281
4183,	60.218
4184,	60.707
4185,	61.007
4186,	60.671
4187,	59.921
4188,	59.132
4189,	57.41
4190,	55.57
4191,	55.007
4192,	58.609
4193,	63.894
4194,	66.781
4195,	68.093
4196,	66.406
4197,	64.421
4198,	63.218
4199,	62.281
4200,	61.121
4201,	60.593
4202,	59.246
4203,	57.109
4204,	55.308
4205,	55.984
4206,	56.734
4207,	55.945
4208,	56.734
4209,	56.32
4210,	55.496
4211,	54.707
4212,	56.058
4213,	56.734
4214,	56.058
4215,	54.671
4216,	54.222
4217,	54.933
4218,	54.707
4219,	54.332
4220,	53.171
4221,	52.382
4222,	52.347
4223,	52.871
4224,	53.32
4225,	54.257
4226,	54.035
4227,	54.859
4228,	56.246
4229,	57.222
4230,	57.222
4231,	57.558
4232,	57.296
4233,	56.921
4234,	56.472
4235,	55.347
4236,	54.671
4237,	52.535
4238,	51.144
4239,	50.847
4240,	51.632
4241,	52.683
4242,	54.671
4243,	54.82
4244,	55.308
4245,	55.496
4246,	54.894
4247,	54.183
4248,	52.91
4249,	51.707
4250,	50.097
4251,	48.144
4252,	46.082
4253,	45.82
4254,	48.07
4255,	49.644
4256,	50.808
4257,	53.582
4258,	56.808
4259,	58.683
4260,	60.031
4261,	60.296
4262,	60.144
4263,	59.734
4264,	59.957
4265,	59.957
4266,	59.394
4267,	59.468
4268,	59.808
4269,	60.332
4270,	59.734
4271,	58.57
4272,	56.957
4273,	55.496
4274,	54.144
4275,	53.019
4276,	51.894
4277,	50.246
4278,	47.66
4279,	46.16
4280,	45.144
4281,	44.769
4282,	44.019
4283,	42.519
4284,	41.507
4285,	39.257
4286,	38.171
4287,	38.359
4288,	38.882
4289,	40.046
4290,	41.472
4291,	42.41
4292,	42.519
4293,	42.859
4294,	42.484
4295,	41.394
4296,	40.945
4297,	40.269
4298,	40.234
4299,	40.308
4300,	39.933
4301,	39.07
4302,	38.582
4303,	38.769
4304,	39.296
4305,	38.621
4306,	37.945
4307,	37.421
4308,	37.195
4309,	37.382
4310,	37.57
4311,	37.945
4312,	37.085
4313,	35.734
4314,	34.16
4315,	33.746
4316,	33.109
4317,	32.132
4318,	30.335
4319,	29.546
4320,	30.07
4321,	31.46
4322,	33.558
4323,	34.757
4324,	35.21
4325,	34.683
4326,	33.222
4327,	31.121
4328,	28.722
4329,	26.585
4330,	25.421
4331,	24.335
4332,	26.132
4333,	27.523
4334,	27.898
4335,	27.296
4336,	28.046
4337,	27.148
4338,	25.683
4339,	22.796
4340,	19.984
4341,	17.472
4342,	16.46
4343,	16.535
4344,	17.585
4345,	20.96
4346,	23.097
4347,	26.359
4348,	29.621
4349,	31.535
4350,	33.597
4351,	34.308
4352,	33.183
4353,	32.171
4354,	30.933
4355,	29.507
4356,	29.996
4357,	28.234
4358,	25.757
4359,	23.32
4360,	22.234
4361,	22.195
4362,	22.722
4363,	23.058
4364,	22.496
4365,	21.523
4366,	18.449
4367,	14.699
4368,	11.773
4369,	9.484
4370,	9.41
4371,	11.773
4372,	16.308
4373,	22.007
4374,	26.246
4375,	26.285
4376,	25.57
4377,	24.671
4378,	24.183
4379,	25.683
4380,	26.433
4381,	26.996
4382,	29.507
4383,	32.171
4384,	33.296
4385,	35.171
4386,	36.07
4387,	37.234
4388,	37.683
4389,	37.648
4390,	38.246
4391,	38.769
4392,	39.183
4393,	40.644
4394,	39.632
4395,	40.121
4396,	38.996
4397,	38.921
4398,	39.859
4399,	39.82
4400,	39.144
4401,	39.371
4402,	38.996
4403,	38.847
4404,	38.246
4405,	39.222
4406,	39.183
4407,	38.882
4408,	39.109
4409,	39.109
4410,	39.109
4411,	39.257
4412,	39.597
4413,	40.535
4414,	41.019
4415,	41.695
4416,	42.109
4417,	41.847
4418,	41.359
4419,	40.121
4420,	38.996
4421,	37.835
4422,	36.41
4423,	35.21
4424,	34.121
4425,	32.808
4426,	31.535
4427,	30.183
4428,	28.835
4429,	28.234
4430,	28.121
4431,	27.71
4432,	26.359
4433,	25.195
4434,	22.91
4435,	21.558
4436,	21.222
4437,	21.558
4438,	21.371
4439,	21.257
4440,	21.222
4441,	21.671
4442,	22.347
4443,	22.757
4444,	22.91
4445,	23.285
4446,	23.921
4447,	24.07
4448,	24.933
4449,	24.859
4450,	24.371
4451,	24.671
4452,	25.046
4453,	25.648
4454,	26.097
4455,	26.546
4456,	27.035
4457,	26.996
4458,	27.371
4459,	28.16
4460,	28.347
4461,	28.683
4462,	28.085
4463,	27.933
4464,	27.41
4465,	26.808
4466,	26.32
4467,	24.785
4468,	24.523
4469,	24.785
4470,	24.82
4471,	25.121
4472,	25.347
4473,	25.871
4474,	27.898
4475,	28.007
4476,	28.085
4477,	28.835
4478,	29.882
4479,	30.371
4480,	30.859
4481,	30.445
4482,	30.371
4483,	30.82
4484,	31.085
4485,	31.234
4486,	31.796
4487,	32.246
4488,	32.132
4489,	31.757
4490,	31.308
4491,	30.296
4492,	29.21
4493,	28.234
4494,	26.882
4495,	25.683
4496,	24.371
4497,	22.796
4498,	21.183
4499,	18.972
4500,	18.449
4501,	17.246
4502,	17.699
4503,	19.421
4504,	21.183
4505,	23.246
4506,	26.882
4507,	32.585
4508,	37.234
4509,	42.371
4510,	45.859
4511,	46.121
4512,	46.683
4513,	46.535
4514,	46.308
4515,	45.183
4516,	43.347
4517,	41.921
4518,	40.421
4519,	40.046
4520,	39.894
4521,	39.671
4522,	40.16
4523,	41.32
4524,	41.582
4525,	41.507
4526,	43.046
4527,	44.207
4528,	44.171
4529,	44.058
4530,	43.644
4531,	43.195
4532,	42.859
4533,	42.972
4534,	43.082
4535,	43.347
4536,	42.597
4537,	42.109
4538,	41.882
4539,	40.984
4540,	40.121
4541,	39.519
4542,	38.433
4543,	37.871
4544,	37.347
4545,	36.109
4546,	35.96
4547,	36.335
4548,	37.046
4549,	37.421
4550,	36.898
4551,	36.746
4552,	35.097
4553,	33.523
4554,	31.835
4555,	30.148
4556,	28.683
4557,	27.035
4558,	24.859
4559,	23.546
4560,	22.382
4561,	19.085
4562,	15.671
4563,	12.785
4564,	10.199
4565,	7.683
4566,	6.484
4567,	5.359
4568,	4.574
4569,	4.386
4570,	4.609
4571,	5.472
4572,	6.859
4573,	6.933
4574,	6.785
4575,	8.21
4576,	9.148
4577,	9.636
4578,	12.371
4579,	15.824
4580,	18.671
4581,	20.058
4582,	21.257
4583,	22.496
4584,	24.183
4585,	25.046
4586,	25.609
4587,	26.246
4588,	26.546
4589,	25.535
4590,	24.371
4591,	23.847
4592,	22.871
4593,	21.558
4594,	20.21
4595,	19.57
4596,	19.011
4597,	18.71
4598,	17.699
4599,	17.058
4600,	16.199
4601,	15.484
4602,	15.933
4603,	17.96
4604,	18.296
4605,	19.347
4606,	19.984
4607,	20.621
4608,	20.847
4609,	20.621
4610,	19.91
4611,	18.746
4612,	18.972
4613,	19.308
4614,	18.71
4615,	16.761
4616,	14.996
4617,	13.648
4618,	12.898
4619,	13.421
4620,	15.035
4621,	16.984
4622,	17.621
4623,	18.597
4624,	19.011
4625,	18.671
4626,	17.808
4627,	16.835
4628,	15.41
4629,	14.398
4630,	13.496
4631,	13.16
4632,	13.761
4633,	14.023
4634,	15.222
4635,	19.011
4636,	22.796
4637,	26.246
4638,	29.171
4639,	29.695
4640,	30.148
4641,	32.585
4642,	34.085
4643,	35.171
4644,	35.585
4645,	37.046
4646,	38.023
4647,	39.035
4648,	38.546
4649,	38.695
4650,	37.871
4651,	37.722
4652,	37.46
4653,	37.984
4654,	38.21
4655,	39.257
4656,	39.519
4657,	40.421
4658,	38.66
4659,	38.023
4660,	37.308
4661,	37.234
4662,	37.535
4663,	37.796
4664,	38.882
4665,	39.484
4666,	41.394
4667,	42.183
4668,	42.859
4669,	41.996
4670,	41.734
4671,	41.433
4672,	41.734
4673,	41.582
4674,	41.695
4675,	42.222
4676,	42.183
4677,	42.484
4678,	42.109
4679,	40.945
4680,	40.234
4681,	39.035
4682,	37.347
4683,	36.335
4684,	36.445
4685,	35.734
4686,	35.921
4687,	36.632
4688,	37.382
4689,	38.21
4690,	38.734
4691,	39.746
4692,	40.234
4693,	40.91
4694,	41.019
4695,	40.382
4696,	40.457
4697,	40.945
4698,	40.535
4699,	39.82
4700,	38.734
4701,	37.796
4702,	36.523
4703,	35.695
4704,	35.996
4705,	36.82
4706,	37.46
4707,	38.359
4708,	38.582
4709,	39.707
4710,	40.269
4711,	39.746
4712,	39.671
4713,	38.21
4714,	36.82
4715,	34.273
4716,	31.91
4717,	30.671
4718,	29.246
4719,	31.046
4720,	34.195
4721,	34.945
4722,	33.82
4723,	31.722
4724,	29.695
4725,	28.871
4726,	29.21
4727,	30.632
4728,	33.82
4729,	35.996
4730,	37.046
4731,	37.046
4732,	39.035
4733,	39.296
4734,	38.882
4735,	38.171
4736,	38.621
4737,	39.859
4738,	41.582
4739,	42.296
4740,	42.371
4741,	42.707
4742,	43.308
4743,	43.382
4744,	43.421
4745,	43.308
4746,	41.996
4747,	41.546
4748,	42.035
4749,	41.882
4750,	42.257
4751,	41.66
4752,	42.109
4753,	41.847
4754,	42.257
4755,	41.359
4756,	41.695
4757,	42.035
4758,	43.007
4759,	41.472
4760,	40.57
4761,	38.359
4762,	37.496
4763,	35.734
4764,	34.757
4765,	35.21
4766,	37.16
4767,	40.496
4768,	43.082
4769,	45.82
4770,	45.671
4771,	46.007
4772,	46.722
4773,	46.91
4774,	46.796
4775,	47.507
4776,	47.808
4777,	47.394
4778,	47.32
4779,	47.921
4780,	47.808
4781,	47.582
4782,	47.285
4783,	47.058
4784,	46.16
4785,	44.621
4786,	43.121
4787,	41.472
4788,	40.234
4789,	39.035
4790,	37.945
4791,	38.359
4792,	38.996
4793,	39.859
4794,	40.496
4795,	41.285
4796,	41.66
4797,	42.972
4798,	44.66
4799,	44.546
4800,	44.132
4801,	43.945
4802,	43.195
4803,	43.121
4804,	43.234
4805,	42.972
4806,	42.972
4807,	42.972
4808,	43.308
4809,	43.91
4810,	43.91
4811,	44.32
4812,	45.519
4813,	45.632
4814,	46.082
4815,	46.757
4816,	46.945
4817,	46.91
4818,	47.621
4819,	47.882
4820,	47.847
4821,	47.394
4822,	47.582
4823,	47.734
4824,	46.796
4825,	45.632
4826,	43.457
4827,	42.222
4828,	40.308
4829,	38.847
4830,	36.972
4831,	35.472
4832,	35.097
4833,	34.46
4834,	34.16
4835,	33.785
4836,	33.898
4837,	33.859
4838,	33.82
4839,	33.632
4840,	33.296
4841,	31.234
4842,	28.945
4843,	26.32
4844,	24.632
4845,	22.91
4846,	22.121
4847,	21.972
4848,	21.558
4849,	20.921
4850,	21.109
4851,	21.183
4852,	21.597
4853,	21.859
4854,	21.257
4855,	20.171
4856,	19.234
4857,	19.984
4858,	23.171
4859,	23.882
4860,	28.496
4861,	33.671
4862,	36.785
4863,	38.66
4864,	38.808
4865,	40.457
4866,	43.644
4867,	47.058
4868,	50.019
4869,	52.535
4870,	53.171
4871,	56.472
4872,	58.457
4873,	58.644
4874,	58.832
4875,	58.57
4876,	56.433
4877,	55.308
4878,	54.371
4879,	53.507
4880,	52.984
4881,	52.046
4882,	51.183
4883,	50.582
4884,	49.91
4885,	49.082
4886,	48.972
4887,	48.859
4888,	48.371
4889,	46.796
4890,	45.894
4891,	45.445
4892,	45.597
4893,	45.332
4894,	44.996
4895,	45.82
4896,	46.082
4897,	46.757
4898,	47.882
4899,	48.035
4900,	48.445
4901,	49.16
4902,	49.945
4903,	50.207
4904,	50.394
4905,	50.359
4906,	50.734
4907,	50.472
4908,	50.058
4909,	50.246
4910,	49.308
4911,	48.707
4912,	48.746
4913,	47.882
4914,	47.359
4915,	46.16
4916,	46.007
4917,	46.984
4918,	48.894
4919,	50.285
4920,	50.582
4921,	51.445
4922,	51.597
4923,	51.484
4924,	51.371
4925,	48.746
4926,	47.582
4927,	48.222
4928,	47.882
4929,	46.195
4930,	46.421
4931,	46.683
4932,	45.82
4933,	45.632
4934,	43.945
4935,	42.859
4936,	41.472
4937,	40.644
4938,	41.097
4939,	40.984
4940,	40.457
4941,	38.582
4942,	37.308
4943,	35.359
4944,	32.058
4945,	29.734
4946,	28.421
4947,	27.597
4948,	26.734
4949,	29.66
4950,	34.121
4951,	37.085
4952,	39.933
4953,	43.609
4954,	46.382
4955,	48.746
4956,	52.046
4957,	54.222
4958,	54.484
4959,	52.945
4960,	51.07
4961,	49.57
4962,	49.234
4963,	48.671
4964,	47.472
4965,	46.007
4966,	45.933
4967,	48.183
4968,	49.609
4969,	49.832
4970,	49.609
4971,	49.496
4972,	48.558
4973,	48.519
4974,	48.972
4975,	49.722
4976,	49.644
4977,	49.496
4978,	49.082
4979,	49.121
4980,	50.019
4981,	50.582
4982,	51.332
4983,	50.957
4984,	50.507
4985,	50.097
4986,	49.007
4987,	49.269
4988,	48.972
4989,	47.359
4990,	47.695
4991,	47.769
4992,	48.07
4993,	48.296
4994,	49.347
4995,	50.507
4996,	52.644
4997,	54.183
4998,	55.91
4999,	56.957
5000,	57.222
5001,	56.847
5002,	57.07
5003,	58.082
5004,	58.906
5005,	60.332
5006,	61.046
5007,	60.933
5008,	59.996
5009,	60.109
5010,	59.281
5011,	58.796
5012,	58.234
5013,	56.921
5014,	56.808
5015,	57.144
5016,	56.472
5017,	56.808
5018,	57.332
5019,	56.734
5020,	55.757
5021,	55.683
5022,	55.457
5023,	55.683
5024,	56.996
5025,	56.769
5026,	56.433
5027,	54.296
5028,	51.707
5029,	49.535
5030,	49.421
5031,	47.996
5032,	46.082
5033,	45.558
5034,	44.921
5035,	44.847
5036,	45.859
5037,	46.683
5038,	48.035
5039,	47.847
5040,	48.445
5041,	47.921
5042,	47.695
5043,	47.394
5044,	45.484
5045,	44.285
5046,	42.671
5047,	42.597
5048,	42.597
5049,	40.347
5050,	38.433
5051,	37.945
5052,	38.546
5053,	39.484
5054,	40.457
5055,	41.66
5056,	42.707
5057,	43.082
5058,	43.16
5059,	44.507
5060,	44.921
5061,	45.597
5062,	44.847
5063,	42.183
5064,	39.82
5065,	36.746
5066,	34.46
5067,	36.597
5068,	38.132
5069,	38.398
5070,	39.332
5071,	40.121
5072,	40.683
5073,	40.945
5074,	43.234
5075,	43.16
5076,	43.234
5077,	42.332
5078,	41.921
5079,	42.257
5080,	43.007
5081,	44.285
5082,	43.347
5083,	41.472
5084,	39.597
5085,	37.796
5086,	36.257
5087,	34.945
5088,	35.734
5089,	36.148
5090,	36.898
5091,	37.421
5092,	39.445
5093,	45.035
5094,	46.535
5095,	46.195
5096,	45.671
5097,	45.859
5098,	45.07
5099,	45.035
5100,	45.371
5101,	45.296
5102,	45.671
5103,	46.007
5104,	46.007
5105,	45.558
5106,	45.933
5107,	46.984
5108,	47.359
5109,	47.847
5110,	47.921
5111,	49.046
5112,	49.644
5113,	49.347
5114,	50.32
5115,	50.808
5116,	50.433
5117,	50.507
5118,	50.507
5119,	49.16
5120,	48.222
5121,	48.07
5122,	47.507
5123,	47.285
5124,	47.246
5125,	46.347
5126,	46.57
5127,	46.91
5128,	47.695
5129,	47.359
5130,	48.257
5131,	48.707
5132,	49.683
5133,	50.171
5134,	50.921
5135,	50.66
5136,	49.91
5137,	49.832
5138,	50.019
5139,	49.269
5140,	48.41
5141,	47.132
5142,	45.671
5143,	45.484
5144,	44.433
5145,	42.558
5146,	40.535
5147,	38.769
5148,	36.222
5149,	33.972
5150,	33.07
5151,	33.82
5152,	35.023
5153,	35.171
5154,	32.734
5155,	29.734
5156,	25.945
5157,	22.46
5158,	20.585
5159,	20.171
5160,	20.398
5161,	19.91
5162,	20.058
5163,	20.882
5164,	24.222
5165,	27.148
5166,	29.097
5167,	31.984
5168,	35.132
5169,	35.585
5170,	35.882
5171,	34.796
5172,	33.558
5173,	32.546
5174,	31.757
5175,	32.507
5176,	33.296
5177,	34.234
5178,	36.257
5179,	37.308
5180,	36.933
5181,	36.257
5182,	36.484
5183,	36.597
5184,	35.882
5185,	36.035
5186,	34.722
5187,	33.82
5188,	32.32
5189,	30.898
5190,	29.132
5191,	26.359
5192,	24.41
5193,	23.023
5194,	21.484
5195,	19.796
5196,	18.523
5197,	17.996
5198,	18.597
5199,	18.296
5200,	18.074
5201,	17.66
5202,	17.324
5203,	17.66
5204,	18.898
5205,	20.246
5206,	19.984
5207,	19.535
5208,	20.734
5209,	24.484
5210,	26.621
5211,	25.945
5212,	25.16
5213,	24.222
5214,	23.21
5215,	21.898
5216,	22.007
5217,	22.234
5218,	22.835
5219,	24.296
5220,	26.171
5221,	28.91
5222,	29.695
5223,	32.695
5224,	35.32
5225,	38.097
5226,	42.296
5227,	45.671
5228,	47.621
5229,	47.847
5230,	47.808
5231,	47.921
5232,	46.871
5233,	44.546
5234,	43.269
5235,	41.472
5236,	39.671
5237,	37.648
5238,	35.585
5239,	34.16
5240,	33.148
5241,	31.46
5242,	31.085
5243,	32.398
5244,	33.558
5245,	36.71
5246,	40.421
5247,	43.722
5248,	45.894
5249,	46.832
5250,	47.097
5251,	47.546
5252,	47.207
5253,	47.621
5254,	47.582
5255,	48.371
5256,	49.121
5257,	49.722
5258,	49.644
5259,	49.722
5260,	47.66
5261,	45.972
5262,	45.183
5263,	44.996
5264,	45.746
5265,	47.019
5266,	46.984
5267,	47.058
5268,	47.472
5269,	47.019
5270,	46.347
5271,	46.796
5272,	46.984
5273,	47.507
5274,	47.695
5275,	47.582
5276,	46.984
5277,	46.796
5278,	46.082
5279,	44.921
5280,	43.796
5281,	42.296
5282,	42.597
5283,	41.921
5284,	40.832
5285,	40.16
5286,	40.796
5287,	42.07
5288,	42.82
5289,	42.332
5290,	42.371
5291,	41.769
5292,	41.507
5293,	40.082
5294,	36.632
5295,	32.921
5296,	32.546
5297,	34.609
5298,	36.859
5299,	38.285
5300,	39.41
5301,	42.746
5302,	44.695
5303,	45.257
5304,	45.484
5305,	44.507
5306,	43.269
5307,	42.144
5308,	41.359
5309,	41.433
5310,	40.308
5311,	38.058
5312,	35.695
5313,	35.472
5314,	36.746
5315,	37.609
5316,	36.558
5317,	35.996
5318,	35.808
5319,	35.621
5320,	35.66
5321,	35.621
5322,	36.859
5323,	37.648
5324,	37.421
5325,	36.671
5326,	36.82
5327,	36.109
5328,	35.773
5329,	34.234
5330,	33.148
5331,	32.507
5332,	31.16
5333,	29.66
5334,	28.835
5335,	29.097
5336,	31.121
5337,	34.683
5338,	36.82
5339,	39.257
5340,	40.832
5341,	42.445
5342,	42.933
5343,	42.222
5344,	40.757
5345,	39.222
5346,	37.91
5347,	36.82
5348,	36.82
5349,	37.234
5350,	36.035
5351,	35.66
5352,	35.546
5353,	34.722
5354,	34.16
5355,	33.898
5356,	34.722
5357,	34.46
5358,	33.296
5359,	31.835
5360,	29.808
5361,	26.882
5362,	25.234
5363,	24.972
5364,	25.308
5365,	24.972
5366,	24.523
5367,	27.109
5368,	28.007
5369,	31.496
5370,	35.507
5371,	37.46
5372,	38.171
5373,	37.984
5374,	36.82
5375,	36.335
5376,	36.71
5377,	36.109
5378,	35.773
5379,	35.246
5380,	34.421
5381,	34.722
5382,	33.671
5383,	32.585
5384,	31.683
5385,	31.46
5386,	32.171
5387,	32.808
5388,	31.722
5389,	29.359
5390,	27.785
5391,	28.382
5392,	28.835
5393,	31.121
5394,	36.972
5395,	42.785
5396,	44.359
5397,	44.171
5398,	43.121
5399,	42.222
5400,	41.507
5401,	41.546
5402,	43.195
5403,	44.132
5404,	45.296
5405,	44.996
5406,	44.132
5407,	43.16
5408,	42.332
5409,	42.671
5410,	41.433
5411,	40.644
5412,	40.832
5413,	42.332
5414,	42.707
5415,	42.183
5416,	42.222
5417,	42.296
5418,	42.632
5419,	43.308
5420,	43.757
5421,	43.609
5422,	44.058
5423,	44.058
5424,	44.808
5425,	44.621
5426,	44.472
5427,	44.019
5428,	43.722
5429,	43.757
5430,	43.796
5431,	43.007
5432,	42.183
5433,	41.734
5434,	41.207
5435,	40.91
5436,	41.097
5437,	41.132
5438,	41.246
5439,	41.359
5440,	41.808
5441,	42.484
5442,	43.121
5443,	42.371
5444,	42.82
5445,	43.046
5446,	43.234
5447,	41.66
5448,	40.722
5449,	41.507
5450,	40.046
5451,	39.707
5452,	40.609
5453,	42.707
5454,	41.621
5455,	41.132
5456,	40.796
5457,	40.984
5458,	41.921
5459,	42.371
5460,	42.707
5461,	42.371
5462,	41.808
5463,	40.269
5464,	39.671
5465,	39.109
5466,	38.058
5467,	37.007
5468,	35.808
5469,	35.472
5470,	36.371
5471,	37.46
5472,	38.433
5473,	39.671
5474,	39.894
5475,	40.609
5476,	41.359
5477,	41.921
5478,	42.07
5479,	42.445
5480,	41.847
5481,	41.32
5482,	40.722
5483,	39.558
5484,	39.296
5485,	39.597
5486,	40.457
5487,	40.347
5488,	40.382
5489,	38.847
5490,	38.847
5491,	38.023
5492,	36.296
5493,	34.683
5494,	32.32
5495,	30.597
5496,	28.496
5497,	26.882
5498,	25.609
5499,	24.746
5500,	24.785
5501,	26.097
5502,	31.085
5503,	35.695
5504,	38.171
5505,	39.597
5506,	41.058
5507,	42.257
5508,	44.171
5509,	44.769
5510,	45.371
5511,	44.097
5512,	43.945
5513,	43.195
5514,	42.933
5515,	42.035
5516,	41.546
5517,	40.421
5518,	41.097
5519,	41.058
5520,	42.257
5521,	41.769
5522,	41.957
5523,	41.472
5524,	41.32
5525,	40.984
5526,	41.097
5527,	42.332
5528,	44.171
5529,	46.757
5530,	47.847
5531,	48.632
5532,	46.609
5533,	44.882
5534,	45.07
5535,	46.16
5536,	46.121
5537,	44.66
5538,	43.16
5539,	41.32
5540,	40.57
5541,	39.671
5542,	38.472
5543,	36.898
5544,	35.285
5545,	34.121
5546,	33.222
5547,	32.132
5548,	32.32
5549,	33.71
5550,	33.371
5551,	32.32
5552,	31.496
5553,	30.148
5554,	28.683
5555,	28.085
5556,	27.41
5557,	27.257
5558,	28.007
5559,	27.632
5560,	27.933
5561,	28.757
5562,	28.683
5563,	28.984
5564,	31.007
5565,	33.71
5566,	36.109
5567,	41.472
5568,	44.285
5569,	45.859
5570,	47.546
5571,	48.144
5572,	47.769
5573,	48.222
5574,	48.933
5575,	47.433
5576,	45.222
5577,	42.859
5578,	41.132
5579,	40.796
5580,	39.746
5581,	39.07
5582,	38.921
5583,	39.41
5584,	38.734
5585,	38.246
5586,	38.546
5587,	38.246
5588,	38.285
5589,	37.382
5590,	38.097
5591,	40.195
5592,	40.683
5593,	40.421
5594,	40.347
5595,	39.632
5596,	38.32
5597,	36.671
5598,	37.16
5599,	36.035
5600,	36.859
5601,	35.507
5602,	36.82
5603,	39.972
5604,	42.972
5605,	44.769
5606,	46.347
5607,	46.644
5608,	45.183
5609,	44.66
5610,	44.769
5611,	43.382
5612,	42.222
5613,	41.058
5614,	39.445
5615,	38.398
5616,	36.972
5617,	37.722
5618,	38.132
5619,	38.847
5620,	39.746
5621,	39.972
5622,	39.332
5623,	38.957
5624,	37.796
5625,	36.933
5626,	34.984
5627,	32.32
5628,	29.695
5629,	26.996
5630,	24.335
5631,	22.496
5632,	21.632
5633,	21.222
5634,	22.722
5635,	28.535
5636,	34.382
5637,	39.632
5638,	40.57
5639,	40.683
5640,	38.695
5641,	38.433
5642,	39.183
5643,	39.671
5644,	39.972
5645,	40.91
5646,	41.285
5647,	41.546
5648,	41.433
5649,	41.019
5650,	40.57
5651,	39.519
5652,	38.433
5653,	36.671
5654,	35.996
5655,	35.773
5656,	36.445
5657,	36.671
5658,	37.195
5659,	38.097
5660,	38.66
5661,	38.171
5662,	37.273
5663,	37.007
5664,	35.996
5665,	35.398
5666,	35.808
5667,	37.757
5668,	39.484
5669,	40.269
5670,	40.871
5671,	41.019
5672,	40.308
5673,	39.183
5674,	38.023
5675,	37.121
5676,	35.996
5677,	34.421
5678,	32.882
5679,	31.871
5680,	32.132
5681,	33.484
5682,	33.335
5683,	31.421
5684,	29.847
5685,	29.023
5686,	28.046
5687,	26.96
5688,	24.671
5689,	22.535
5690,	20.882
5691,	20.734
5692,	22.007
5693,	21.484
5694,	19.382
5695,	18.558
5696,	19.011
5697,	19.984
5698,	20.132
5699,	20.132
5700,	20.808
5701,	21.523
5702,	23.246
5703,	25.648
5704,	29.882
5705,	35.507
5706,	38.132
5707,	39.484
5708,	38.996
5709,	39.109
5710,	39.707
5711,	41.097
5712,	41.207
5713,	42.558
5714,	43.121
5715,	42.558
5716,	41.621
5717,	41.132
5718,	41.285
5719,	40.722
5720,	40.347
5721,	40.16
5722,	40.16
